,0,1,2,3,4,5,6,7,8,9,10,11,12,13,14,15,16,17
1719250,0.000252525252525767,0.0002525252525257671,0.10045093056305551,0.00025252528943346854,0.0002525252525257671,0.0002525252525257671,0.00025252527911807384,0.0002525252525257671,0.0002525253016691352,0.07801469277666118,0.00025252530736436993,0.0002525252525257671,0.0002525252525257671,0.8032048826478339,0.014794140232421267,0.00025252525349402224,0.00025252528848482655,0.00025252529278388944
1719251,0.00025839793368006653,0.000258397932816903,0.0002583979763298416,0.0002583979667199636,0.000258397932816903,0.000258397932816903,0.00025839797373796315,0.000258397932816903,0.00025839797388925147,0.00025839797926333535,0.00025839797064228606,0.000258397932816903,0.000258397932816903,0.7264613126424083,0.05705938664793271,0.0002583979328169028,0.04992924355535313,0.16293248585032502
1719252,0.00032113037893438803,0.00032113037893438814,0.00032113043467437954,0.00032113042448814573,0.00032113037893438814,0.00032113037893438814,0.0003211304324634173,0.00032113037893438814,0.00032113043046464574,0.29471649048180953,0.0003211304194083311,0.00032113037893438814,0.00032113037893438814,0.49070940544075076,0.00032113045713318323,0.0003211303829596666,0.0003211304339221662,0.20975714800938494
1721352,8.680555555615287e-05,8.6805555556153e-05,0.3834121478739343,0.18795450475283293,8.6805555556153e-05,8.6805555556153e-05,0.2335019052860832,8.6805555556153e-05,8.680556841985791e-05,0.1939161642393184,8.680556502006763e-05,8.6805555556153e-05,8.6805555556153e-05,8.680556625183175e-05,8.680556393822498e-05,8.680555555615272e-05,8.680556898086784e-05,8.680557077108782e-05
1724351,1.940466493051109e-05,1.9404664881490853e-05,0.014016930354239125,0.7781886525001886,1.9404664881490853e-05,1.9404664881490853e-05,1.940466804824073e-05,1.9404664881490853e-05,0.037588270517871766,1.9404667714041894e-05,0.08886453727337341,1.9404664881490853e-05,1.9404664881490853e-05,0.05136564174411298,1.9404667523269386e-05,1.9404665107177357e-05,1.9404667833151087e-05,0.029743111619768857
1733252,6.850253483761708e-05,6.850253459403308e-05,6.850254515405611e-05,6.850254626731071e-05,6.850253459403308e-05,6.850253459403308e-05,6.850254715030076e-05,6.850253459403308e-05,6.850254160695032e-05,0.3199400206764619,6.85025458007191e-05,6.850253459403308e-05,6.850253459403308e-05,0.6696384476822131,0.009393993546393245,6.850253463142531e-05,6.850254623629402e-05,6.850254568286822e-05
1733350,8.279516481559866e-05,8.279516476258909e-05,0.04691042252499782,0.3597050224174952,8.279516476258909e-05,8.279516476258909e-05,8.279517574141777e-05,8.279516476258909e-05,8.279518084053834e-05,8.279517849438743e-05,8.279517724165661e-05,8.279516476258909e-05,8.279516476258909e-05,0.5921426274967009,8.279517414124523e-05,8.279516480570371e-05,8.279517795869368e-05,8.279517819133386e-05
1734751,6.783340116693652e-05,6.783340116693657e-05,6.78334120024285e-05,6.783341092642899e-05,6.783340116693657e-05,6.783340116693657e-05,6.783340972601126e-05,6.783340116693657e-05,6.783341912889506e-05,6.78334114993743e-05,6.783341041701309e-05,6.783340116693657e-05,6.783340116693657e-05,0.608446209563694,6.783341098801082e-05,6.783340122495761e-05,6.783341074577791e-05,0.3904684559314786
1738751,0.0003019323671506486,0.0003019323671506488,0.0003019324083208455,0.00030193241791808467,0.0003019323671506488,0.0003019323671506488,0.00030193241486478124,0.0003019323671506488,0.0003019323950628403,0.00030193241632156206,0.0003019324207623423,0.0003019323671506488,0.0003019323671506488,0.3870376481496575,0.0003019324074051863,0.00030193236715064835,0.00030193241541526353,0.6081314336170663
1740350,0.0005727376861411727,0.0005727376861411729,0.19747790414722505,0.26539997808462534,0.0005727376861411729,0.0005727376861411729,0.0005727377828167174,0.0005727376861411729,0.0005727377474175684,0.0005727377572284557,0.0005727377774421686,0.0005727376861411729,0.0005727376861411729,0.0005727377746709007,0.0005727377598895607,0.0005727376861411722,0.0005727377651576163,0.5285310519143972
1743150,6.019020103538739e-05,6.019020103538741e-05,6.019021162363082e-05,0.7199886853337771,6.019020103538741e-05,6.019020103538741e-05,0.10859366354297277,6.019020103538741e-05,6.019020908988771e-05,0.0030546483117924704,0.04272090842482612,6.019020103538741e-05,6.019020103538741e-05,0.11156804984658707,6.019020722690885e-05,6.019020166125396e-05,0.013351762091642988,6.019021155214998e-05
1744450,6.20732464309222e-05,6.207324643092225e-05,0.3428505376859671,6.207325486867757e-05,6.207324643092225e-05,6.207324643092225e-05,0.031708560605056224,6.207324643092225e-05,6.20732545724971e-05,0.08604788734478144,6.207325466688467e-05,6.207324643092225e-05,6.207324643092225e-05,0.14951522504753367,6.207325291039757e-05,6.207324647949693e-05,0.38907083707197354,6.207325617357889e-05
1744452,9.432182607099647e-05,9.432182607099657e-05,0.21776814439177603,9.432184172572666e-05,9.432182607099657e-05,9.432182607099657e-05,9.432184420801368e-05,9.432182607099657e-05,9.432183554295963e-05,9.432183933895246e-05,9.432184278317308e-05,9.432182607099657e-05,9.432182607099657e-05,0.049926292844843546,9.432183529626195e-05,9.432182683644331e-05,0.6881100543120774,0.04287500280307445
1745951,4.189710072085605e-05,4.18971007208561e-05,4.18971070339169e-05,0.828968374978559,4.18971007208561e-05,4.18971007208561e-05,4.1897107354467305e-05,4.18971007208561e-05,4.189710546787437e-05,4.189710817949095e-05,4.189710659248817e-05,4.18971007208561e-05,4.18971007208561e-05,0.09762185617181306,0.0050212658356173666,4.189710077660711e-05,0.03461996261710218,0.033223878056457545
1747550,4.465880671678885e-05,4.465880671678887e-05,0.09414357390190266,4.465881417364341e-05,4.465880671678887e-05,4.465880671678887e-05,4.4658811835030304e-05,4.465880671678887e-05,4.465881131822591e-05,4.465881390268322e-05,0.19278992811310788,4.465880671678887e-05,4.465880671678887e-05,0.6350062481900026,4.465881254831202e-05,4.465880677471986e-05,4.465881329899538e-05,0.07743502646411786
1749252,1.0677600529628883e-05,1.0677600529628886e-05,1.0677602374076714e-05,1.0677602183044243e-05,1.0677600529628886e-05,1.0677600529628886e-05,1.0677601974039853e-05,1.0677600529628886e-05,1.0677602140659218e-05,1.067760198728504e-05,1.0677602218319523e-05,1.0677600529628886e-05,1.0677600529628886e-05,0.9998184807772335,1.0677601681731293e-05,1.0677600634133528e-05,1.0677601955385255e-05,1.0677601910513994e-05
1749550,4.3917435221899765e-05,4.391743522189979e-05,0.06295837942554083,0.035264008412731876,4.391743522189979e-05,4.391743522189979e-05,0.028667042024990885,4.391743522189979e-05,4.391744331836319e-05,0.02314194958381943,4.391744269558764e-05,4.391743522189979e-05,4.391743522189979e-05,0.07146526806350874,0.01508714621457566,4.391743540038335e-05,4.391744219158968e-05,0.7629331144646734
1749750,6.284565111885016e-05,6.284565108110788e-05,0.15707312483960542,0.09300528843403903,6.284565108110788e-05,6.284565108110788e-05,6.284566073470969e-05,6.284565108110788e-05,6.284565785339035e-05,0.033144958796544305,6.284566245419257e-05,6.284565108110788e-05,6.284565108110788e-05,0.2111528729596731,6.284565754082582e-05,6.284565113557139e-05,0.34937788545030823,0.1554917216725058
1749751,3.391670061946809e-05,3.39167005834719e-05,0.3861139303963153,0.04853356922438187,3.39167005834719e-05,3.39167005834719e-05,0.017732541143851498,3.39167005834719e-05,3.391670389242736e-05,3.3916706336341845e-05,3.391670636506807e-05,3.39167005834719e-05,3.39167005834719e-05,0.31964476264977465,3.391670468881974e-05,3.391670083653491e-05,0.2084641243365687,0.019104071822868465
1749752,3.5981577524031154e-05,3.5981577432491735e-05,0.12244774339848738,0.021980658862318845,3.5981577432491735e-05,3.5981577432491735e-05,3.598158352521786e-05,3.5981577432491735e-05,3.5981585004195266e-05,3.5981583421525426e-05,0.021214752467058697,3.5981577432491735e-05,3.5981577432491735e-05,0.20645623854889114,0.0031223597993032762,3.598157774738007e-05,0.4940893256922058,0.13029312385991748
1750150,2.07296849088485e-05,2.072968490884851e-05,0.3140387967664181,2.0729687969812664e-05,2.072968490884851e-05,2.072968490884851e-05,2.072968824844159e-05,2.072968490884851e-05,0.013018679252178164,2.0729688225732115e-05,2.0729687862863793e-05,2.072968490884851e-05,2.072968490884851e-05,0.022382359540189526,2.072968733477466e-05,2.0729684943687967e-05,2.072968825670972e-05,0.6502699488340102
1751952,0.00018518518518587278,0.0001851851851858729,0.2993219450923628,0.12872604488808667,0.0001851851851858729,0.0001851851851858729,0.15251352720308464,0.0001851851851858729,0.0001851852016730284,0.00018518521289841394,0.00018518520895331562,0.0001851851851858729,0.0001851851851858729,0.000185185216283959,0.000185185199568387,0.00018518518518587261,0.23680153834456122,0.18022953695104044
1752551,0.00020576131687322956,0.00020576131687322975,0.0002057613566855829,0.00020576134618819166,0.00020576131687322975,0.00020576131687322975,0.41339888831969085,0.00020576131687322975,0.00020576133858706466,0.1146992585602042,0.012007116798738997,0.00020576131687322975,0.00020576131687322975,0.000205761350269306,0.00020576133352857032,0.00020576131690399968,0.00020576135198085405,0.4570140777091099
1754851,2.82151120140621e-05,2.8215112014062112e-05,0.07491721796061893,0.3257658298529092,2.8215112014062112e-05,2.8215112014062112e-05,2.8215115737417947e-05,2.8215112014062112e-05,2.821511687393857e-05,2.8215116634322484e-05,0.09821435600326459,2.8215112014062112e-05,2.8215112014062112e-05,0.4596890241115371,2.8215116696529112e-05,2.821511230788446e-05,2.8215115917987906e-05,0.04104677559340361
1757550,8.65351332642141e-05,8.653513326421413e-05,0.12337812065345258,8.6535146822524e-05,8.653513326421413e-05,8.653513326421413e-05,8.653514950836344e-05,8.653513326421413e-05,8.653514004952205e-05,0.464194498423119,8.653514706529218e-05,8.653513326421413e-05,8.653513326421413e-05,0.3527429593932012,8.653514206883e-05,8.653513348921467e-05,8.653514767060111e-05,0.05847292959070342
1757750,7.205649229009945e-05,7.205649229009948e-05,7.20565033039861e-05,7.205650307855537e-05,7.205649229009948e-05,7.205649229009948e-05,0.05697896501196822,7.205649229009948e-05,7.205650172008373e-05,7.205650410049526e-05,7.205650081818021e-05,7.205649229009948e-05,7.205649229009948e-05,7.20565022393283e-05,7.205650318726916e-05,7.205649310350619e-05,0.20515564509071452,0.7367845424397352
1757752,0.00010501995379138892,0.00010501995379138895,0.00010501997058543691,0.00010501996878816227,0.00010501995379138895,0.00010501995379138895,0.09500019403348693,0.00010501995379138895,0.0001050199686510775,0.00010501996926236219,0.0001050199703363968,0.00010501995379138895,0.00010501995379138895,0.00010501997356177057,0.0001050199685864831,0.00010501995381298123,0.00010501997052151835,0.9033194865758672
1758052,0.0002670940170948513,0.00026709401709485147,0.5405497547415659,0.02452347509065747,0.00026709401709485147,0.00026709401709485147,0.0002670940645805426,0.00026709401709485147,0.00026709410536958394,0.0002670940643901067,0.0002670940587084545,0.00026709401709485147,0.00026709401709485147,0.00026709405424792126,0.0002670940760658634,0.0002670940171314847,0.16567890399924,0.2655085496083787
1760452,0.00010871928680211075,0.00010871928680211088,0.010767395232997603,0.26404809415454183,0.00010871928680211088,0.00010871928680211088,0.03075028191276705,0.00010871928680211088,0.00010871929610016191,0.00010871930288258258,0.03577229315039882,0.00010871928680211088,0.00010871928680211088,0.13398846719551097,0.00010871929991880923,0.00010871928718964014,0.0497917460847846,0.4736858100752931
1760752,2.5115531444744527e-05,2.511553144474455e-05,0.1041490961902414,0.8109498406568232,2.511553144474455e-05,2.511553144474455e-05,2.5115534732787508e-05,2.511553144474455e-05,2.5115534732150428e-05,0.0416806581753802,0.029110587988612116,2.511553144474455e-05,2.511553144474455e-05,0.013783315060721784,2.5115535800533416e-05,2.5115531464974944e-05,2.511553575417902e-05,2.511553562348518e-05
1761250,4.772814051180822e-05,4.772814051180825e-05,0.4066500649543849,0.333177648391388,4.772814051180825e-05,4.772814051180825e-05,4.772814639657534e-05,4.772814051180825e-05,4.772814599044635e-05,4.7728147809904176e-05,4.7728147605777604e-05,4.772814051180825e-05,4.772814051180825e-05,0.11986278615937955,4.772814494021039e-05,4.7728140549725634e-05,4.772814771173672e-05,0.1396413064902604
1761251,3.381348481789419e-05,3.381348481789422e-05,0.4126771714612891,0.3001008997173025,3.381348481789422e-05,3.381348481789422e-05,3.381349061680384e-05,3.381348481789422e-05,3.381348959101425e-05,3.38134905350809e-05,3.381348934575241e-05,3.381348481789422e-05,3.381348481789422e-05,0.04995838552388036,3.381348857137664e-05,3.3813484859283646e-05,0.033441646562634285,0.20338232140764914
1761252,4.2376472582552446e-05,4.237647258255248e-05,0.6293545396025715,4.237647957650318e-05,4.237647258255248e-05,4.237647258255248e-05,0.011195793198791087,4.237647258255248e-05,4.2376476379875037e-05,4.237647945360686e-05,4.237647863204539e-05,4.237647258255248e-05,4.237647258255248e-05,0.2635885810648272,4.237647701029607e-05,4.237647260686536e-05,4.237647872961382e-05,0.0952678154833435
1761450,1.2359411692057745e-05,1.2359411692057757e-05,1.2359413806847252e-05,0.17582493149926898,1.2359411692057757e-05,1.2359411692057757e-05,1.2359413396887356e-05,1.2359411692057757e-05,1.2359413784025356e-05,1.235941360590095e-05,0.10607981467779051,1.2359411692057757e-05,1.2359411692057757e-05,0.6897938831974585,0.00964263516792559,1.2359412039067001e-05,0.0063236881291009696,0.012186734379978172
1766250,0.00010307153164344379,0.0001030715316434439,0.00010307154297329269,0.00010307155384603845,0.0001030715316434439,0.0001030715316434439,0.0001030715437237549,0.0001030715316434439,0.0212084324106573,0.00010307154976577358,0.10569751818542891,0.0001030715316434439,0.0001030715316434439,0.00010307154631158958,0.023717241045251348,0.00010307153339780144,0.000103071547243669,0.8479338068198965
1768250,0.00011478420569359202,0.00011478420569359207,0.07789917464886773,0.00011478422092441722,0.00011478420569359207,0.00011478420569359207,0.00011478422314435852,0.00011478420569359207,0.00011478422060641899,0.00011478422561938365,0.00011478422171023011,0.00011478420569359207,0.00011478420569359207,0.7726587584437971,0.00011478422002239145,0.00011478420569359194,0.00011478422081046321,0.14772030370894876
1768452,0.0005144032921819671,0.0005144032921819673,0.25580083389791664,0.0005144033610368068,0.0005144032921819673,0.0005144032921819673,0.0005144034019065221,0.0005144032921819673,0.0005144033744090748,0.7359687128451771,0.0005144033451528081,0.0005144032921819673,0.0005144032921819673,0.0005144033677508459,0.0005144033329512832,0.0005144032921819669,0.0005144033662573473,0.0005144033699858411
1768850,0.0001056189269121898,0.00010561892691218991,0.00010561894333253956,0.00010561894369712559,0.00010561892691218991,0.00010561892691218991,0.00010561893929099523,0.00010561892691218991,0.0026874395472528023,0.018255748824366733,0.00010561893951608726,0.00010561892691218991,0.00010561892691218991,0.00010561894145986753,0.10762505074576025,0.00010561892691712138,0.0831016336242951,0.7869570811357262
1768851,9.815469539451562e-05,9.81546917944192e-05,9.815470695146511e-05,9.815470685594607e-05,9.81546917944192e-05,9.81546917944192e-05,9.815470554817426e-05,9.81546917944192e-05,9.815470191858021e-05,9.815470680201829e-05,9.815470308388287e-05,9.81546917944192e-05,9.81546917944192e-05,9.815470495546746e-05,0.1127369137481112,9.815469179869416e-05,0.04602099031345191,0.8397697754643616
1768852,6.613756613768763e-05,6.613756613768765e-05,6.613757299565767e-05,6.613757451864603e-05,6.613756613768765e-05,6.613756613768765e-05,6.613757776254425e-05,6.613756613768765e-05,6.61375724134266e-05,6.613757434271105e-05,6.613757270020363e-05,6.613756613768765e-05,6.613756613768765e-05,6.613757285969931e-05,0.09443685649527588,6.61375664479045e-05,6.613757614668714e-05,0.9045049423815729
1772950,4.48028673836307e-05,4.480286738363072e-05,0.07550646836785692,4.480287458654502e-05,4.480286738363072e-05,4.480286738363072e-05,4.48028737264308e-05,4.480286738363072e-05,0.011755403808312382,4.4802875030782806e-05,4.480287371770286e-05,4.480286738363072e-05,4.480286738363072e-05,0.053913622383244854,4.480287482273438e-05,4.480286742585387e-05,0.023841859279158772,0.8344002088504315
1772951,2.5948414551936195e-05,2.5948414551936205e-05,0.10694899341549853,2.5948418796338635e-05,2.5948414551936205e-05,2.5948414551936205e-05,2.5948418534139423e-05,2.5948414551936205e-05,0.008940251623548045,0.08606829620494702,0.3571378396070265,2.5948414551936205e-05,2.5948414551936205e-05,0.08103211498837833,2.5948419045047458e-05,2.5948414882853874e-05,0.03169646734659749,0.3278906042408822
1774752,3.198362549699981e-05,3.198362438463078e-05,0.17937134388737794,0.005079911777495642,3.198362438463078e-05,3.198362438463078e-05,3.198362830911992e-05,3.198362438463078e-05,3.198362793505797e-05,0.0730452986062226,3.1983630090327904e-05,3.198362438463078e-05,3.198362438463078e-05,0.03388885819796943,3.198362874850879e-05,3.1983624476587115e-05,3.198362886828979e-05,0.7081988003907018
1775851,5.522421029405698e-05,5.5224210294057035e-05,5.5224218584149755e-05,0.09883495939883374,5.5224210294057035e-05,5.5224210294057035e-05,5.52242174093154e-05,5.5224210294057035e-05,5.5224216082546514e-05,5.5224220249864305e-05,0.013914929099312398,5.5224210294057035e-05,5.5224210294057035e-05,0.7731327099754952,5.522421825353647e-05,5.522421127498356e-05,5.5224219296154585e-05,0.11334426253314972
1778050,0.00010979358805467746,0.0001097935880546775,0.18584608863324956,0.0001097936078853839,0.0001097935880546775,0.0001097935880546775,0.0316206750278358,0.0001097935880546775,0.00010979360129308594,0.7808863324058756,0.00010979360334423416,0.0001097935880546775,0.0001097935880546775,0.00010979360590246954,0.00010979359877320311,0.0001097935882171588,0.00010979360700086588,0.00010979360423990901
1778051,9.902951079460257e-05,9.902951079460264e-05,0.04638149804003791,0.396404623124641,9.902951079460264e-05,9.902951079460264e-05,9.902952522966682e-05,9.902951079460264e-05,9.902952300394296e-05,9.902952747153167e-05,9.902952675611628e-05,9.902951079460264e-05,9.902951079460264e-05,9.90295277921568e-05,0.020459599201107702,9.902951081049194e-05,9.902952584845216e-05,0.5353678663917387
1778052,3.9096098209634936e-05,3.909609820963499e-05,0.06274292742732579,0.09190219736183457,3.909609820963499e-05,3.909609820963499e-05,3.909610433854425e-05,3.909609820963499e-05,0.018107792650376257,3.909610424099842e-05,3.909610360061708e-05,3.909609820963499e-05,3.909609820963499e-05,0.06886590525009917,0.012647592889116594,3.9096098232480465e-05,3.909610389740916e-05,0.7452644312194702
1778750,1.1622501164464983e-05,1.1622501162266307e-05,1.162250271369783e-05,0.07042014300741758,1.1622501162266307e-05,1.1622501162266307e-05,1.1622502998879734e-05,1.1622501162266307e-05,1.1622502141302602e-05,1.1622502736736431e-05,1.1622503101027452e-05,1.1622501162266307e-05,1.1622501162266307e-05,1.1622502904381785e-05,0.011527618422425417,1.1622501231918553e-05,0.9178779010414214,1.1622502769455657e-05
1779352,1.9065049950456312e-05,1.9065049950456316e-05,1.9065052337829272e-05,1.906505731279596e-05,1.9065049950456316e-05,1.9065049950456316e-05,1.906505230303366e-05,1.9065049950456316e-05,1.906505302345747e-05,1.9065052623959218e-05,1.9065052443136826e-05,1.9065049950456316e-05,1.9065049950456316e-05,1.9065052447956644e-05,1.906505213733485e-05,1.9065049987724183e-05,0.9996758941230367,1.9065052692906073e-05
1783350,1.282741994825928e-05,1.2827419892807074e-05,1.2827421912523632e-05,0.26604009891833286,1.2827419892807074e-05,1.2827419892807074e-05,1.2827422139505468e-05,1.2827419892807074e-05,1.2827421801691336e-05,1.282742203808291e-05,1.2827421760981892e-05,1.2827419892807074e-05,1.2827419892807074e-05,0.6387709607172297,0.014491899208738314,1.2827420056108067e-05,0.047587990447938176,0.03294229423874668
1796351,4.316670983346892e-05,4.316670983346894e-05,0.06362898828003699,4.316671636274839e-05,4.316670983346894e-05,4.316670983346894e-05,0.2604455712175359,4.316670983346894e-05,4.3166715552519756e-05,0.008736330086528068,4.3166715603148705e-05,4.316670983346894e-05,4.316670983346894e-05,4.3166715514495065e-05,4.316671620160292e-05,4.3166709834538885e-05,0.6665847764411631,4.3166716832741345e-05
3779550,0.00012597631645303836,0.00012597631645303847,0.19587860070558313,0.16605079929255182,0.00012597631645303847,0.00012597631645303847,0.0001259763398358702,0.00012597631645303847,0.00012597633196465423,0.1107110909297892,0.00012597633485363926,0.00012597631645303847,0.00012597631645303847,0.3119529980896011,0.00012597633014957408,0.00012597634627913923,0.11776789030114802,0.09612690478307252
3780252,8.846426043900285e-05,8.84642604390029e-05,0.00819669920882385,8.846427343848774e-05,8.84642604390029e-05,8.84642604390029e-05,0.03529983351782979,8.84642604390029e-05,8.84642707212592e-05,0.08469221920657817,8.846427576530066e-05,8.84642604390029e-05,8.84642604390029e-05,0.770544643359966,8.84642712352587e-05,8.846426258406593e-05,8.846427366593326e-05,0.10011656925631891
3780951,4.008337341682936e-05,4.008337341682939e-05,0.3385689649373087,0.1737486643525644,4.008337341682939e-05,4.008337341682939e-05,4.0083380056378135e-05,4.008337341682939e-05,4.008337743689663e-05,4.0083379929276884e-05,4.008337923259311e-05,4.008337341682939e-05,4.008337341682939e-05,0.0553479236796812,4.008337719059238e-05,4.008337376627533e-05,4.008337948290388e-05,0.4317732797694329
3784051,0.00012318305010432026,0.00012318305001251856,0.17593403025869764,0.00012318306821728514,0.00012318305001251856,0.00012318305001251856,0.15162149347036916,0.00012318305001251856,0.0001231830738273843,0.42254462372306356,0.00012318306741047408,0.00012318305001251856,0.00012318305001251856,0.04501920154657263,0.08204182415313123,0.00012318305001251848,0.00012318306890796965,0.12136063016961068
3786251,6.207324643111111e-05,6.207324643111118e-05,6.207325626107634e-05,0.11273934621027462,6.207324643111118e-05,6.207324643111118e-05,0.06252318274723898,6.207324643111118e-05,6.207325210063151e-05,0.30420726942900317,6.207325537940618e-05,6.207324643111118e-05,6.207324643111118e-05,6.20732568744809e-05,6.20732537573799e-05,6.20732480835833e-05,6.207325510292536e-05,0.5196611761109061
3786252,0.0001091464745697281,0.00010914647456955939,0.16948539255567527,0.02718300192318981,0.00010914647456955939,0.00010914647456955939,0.09208801026321763,0.00010914647456955939,0.010323545495296564,0.2643897216838938,0.00010914649469669449,0.00010914647456955939,0.00010914647456955939,0.00010914649305157402,0.00010914648636229407,0.00010914647460582701,0.014581806225131867,0.4207479105828916
3789850,0.00047483380817278263,0.0004748338081727838,0.0004748338541347801,0.00047483389367872117,0.0004748338081727838,0.0004748338081727838,0.0004748338527885357,0.0004748338081727838,0.00047483390601637263,0.4545153948669282,0.00047483389164685593,0.0004748338081727838,0.0004748338081727838,0.1545470265661181,0.0004748338523905034,0.0004748338120873186,0.0004748338679641201,0.3838150709790369
3789851,5.378078950211747e-05,5.3780789502117494e-05,5.378079586721692e-05,5.378079736495012e-05,5.3780789502117494e-05,5.3780789502117494e-05,5.3780796400654445e-05,5.3780789502117494e-05,5.378079516996044e-05,0.8056912197848775,5.378079730786037e-05,5.3780789502117494e-05,5.3780789502117494e-05,0.06356555023369355,0.019923107545015223,5.3780790362978546e-05,5.378079711922847e-05,0.11006719134030621
3789852,0.00015561780267742752,0.00015561780267742768,0.0001556178186787992,0.00015561782533342092,0.00015561780267742768,0.00015561780267742768,0.00015561782236617422,0.00015561780267742768,0.00015561781971303623,0.7926860064743666,0.00015561782962745025,0.00015561780267742768,0.00015561780267742768,0.20482410849267982,0.00015561784054746422,0.00015561780267742733,0.00015561782526324057,0.0001556178300046719
3789952,0.00011291779584495987,0.00011291779584495995,0.36926768535448595,0.00011291781544449428,0.00011291779584495995,0.00011291779584495995,0.07100816172145805,0.00011291779584495995,0.0001129178091589259,0.17895662410936594,0.00011291781198968295,0.00011291779584495995,0.00011291779584495995,0.05000830854417401,0.00011291781424821276,0.00011291779584495979,0.00011291781422911689,0.32929128883868597
3791350,5.9672992162774803e-05,5.9672992004058e-05,5.9673001490133066e-05,5.9673001481424876e-05,5.9672992004058e-05,5.9672992004058e-05,5.9672999862841984e-05,5.9672992004058e-05,5.967300042233335e-05,0.001371844942333283,5.9673001136599965e-05,5.9672992004058e-05,5.9672992004058e-05,0.3670770034826801,5.967299970069212e-05,5.96729920258219e-05,5.9673000791129135e-05,0.6306560566338885
3791750,0.0003156565656571601,0.00031565656565716026,0.000315656620061566,0.00031565662114895035,0.00031565656565716026,0.00031565656565716026,0.0003156566293525569,0.00031565656565716026,0.000315656591172305,0.3001813163467477,0.00031565661238564587,0.00031565656565716026,0.00031565656565716026,0.3082714402801363,0.00031565660011013074,0.00031565656565716,0.00031565661414850873,0.3868123945594791
3792351,0.0007407407407432965,0.0007407407407432971,0.0007407408289933646,0.0007407408486775647,0.0007407407407432971,0.0007407407407432971,0.000740740844083461,0.0007407407407432971,0.0007407407891633803,0.1728188240654868,0.0007407408622372302,0.0007407407407432971,0.0007407407407432971,0.8153293233085198,0.0007407408142687405,0.000740740741065135,0.0007407408470424673,0.0007407408652589323
3792650,3.898635477591712e-05,3.898635477591714e-05,3.8986361098969576e-05,0.03007795204289187,3.898635477591714e-05,3.898635477591714e-05,0.006636032996088957,3.898635477591714e-05,3.8986359596355645e-05,0.05701170715099898,3.89863609379242e-05,3.898635477591714e-05,3.898635477591714e-05,0.2255930443996329,0.0005596261058666242,3.898635492218893e-05,0.2926211878507541,0.3870715995337797
3794552,0.0001668335001673599,0.00016683350016736002,0.0001668335281658114,0.00016683353442515067,0.00016683350016736002,0.00016683350016736002,0.00016683351926540327,0.00016683350016736002,0.00016683351369781903,0.00016683352482491442,0.00016683352137660004,0.00016683350016736002,0.00016683350016736002,0.8833004236109654,0.00016683353274125055,0.00016683350963568022,0.00016683352001138226,0.11403024018371931
3794750,8.931761361344688e-05,8.931761343364151e-05,8.931762916730736e-05,8.931762774244079e-05,8.931761343364151e-05,8.931761343364151e-05,0.03551678542164864,8.931761343364151e-05,8.931762936559318e-05,0.44245059017618243,0.019842447768998257,8.931761343364151e-05,8.931761343364151e-05,0.48672998702019576,0.014299060565764582,8.93176135226988e-05,8.93176265011746e-05,8.93176266959486e-05
3796150,0.00010704345964506814,0.00010704345964506823,0.03443770602717679,0.00010704347622890941,0.00010704345964506823,0.00010704345964506823,0.00010704347174179241,0.00010704345964506823,0.00010704348561906034,0.00010704347846897779,0.00010704347664989745,0.00010704345964506823,0.00010704345964506823,0.9638495984706126,0.00010704348197466013,0.00010704345964506803,0.00010704347786455713,0.00010704347650218657
3799252,0.000300300305413331,0.00030030030030286036,0.00030030033025601777,0.15156903125715454,0.00030030030030286036,0.00030030030030286036,0.0003003003278562723,0.00030030030030286036,0.0003003003265646328,0.0003003003457917118,0.0003003003379473668,0.00030030030030286036,0.00030030030030286036,0.2826455185810948,0.00030030039234846164,0.00030030030030285917,0.0003003003357595363,0.5612809453576932
3875651,0.00019493177387953944,0.00019493177387953955,0.00019493180721963247,0.00019493180298718596,0.00019493177387953955,0.00019493177387953955,0.00019493180504196882,0.00019493177387953955,0.0001949317989732415,0.6237186434884486,0.00019493179665879999,0.00019493177387953955,0.00019493177387953955,0.23857382183191245,0.0001949317915546322,0.00019493177434374548,0.00019493180729480644,0.13478355787840815
3878550,0.00019290123515793256,0.0001929012345690466,0.00019290126176405614,0.00019290126911196507,0.0001929012345690466,0.0001929012345690466,0.00019290126894985071,0.0001929012345690466,0.00019290125265123114,0.07280341409848803,0.07861934429022115,0.0001929012345690466,0.0001929012345690466,0.6081745584411262,0.00019290125243267528,0.00019290123606435886,0.13736457830994803,0.10053038867667043
3490150,0.0012345679012366658,0.0012345679012366662,0.3707303622413295,0.0012345680472345495,0.0012345679012366662,0.0012345679012366662,0.0012345682919717737,0.0012345679012366662,0.38742495335409916,0.0012345681729237373,0.0012345680272598592,0.0012345679012366662,0.0012345679012366662,0.22332616445924253,0.0012345680221698865,0.0012345679012366654,0.0012345680530945365,0.0012345681207810702
3490152,0.0005668934240363589,0.0005668934240363589,0.42603121099622454,0.0005668935156552705,0.0005668934240363589,0.0005668934240363589,0.0005668935053955226,0.0005668934240363589,0.0005668935326687717,0.17427130958337786,0.000566893515266468,0.0005668934240363589,0.0005668934240363589,0.0005668935079536452,0.0005668935062715846,0.3911940773265129,0.0005668935240014523,0.0005668935184173557
3495052,6.833401667375167e-05,6.833401667375172e-05,0.04322887830021198,0.005071737957249839,6.833401667375172e-05,6.833401667375172e-05,6.833402863184444e-05,6.833401667375172e-05,6.833402514710364e-05,0.3235550984554032,6.833402787125232e-05,6.833401667375172e-05,6.833401667375172e-05,0.053529751797083136,6.833404032971048e-05,6.833401672968249e-05,0.4225680595033702,0.15122646573125575
3497650,4.3267566632195935e-05,4.326756663219597e-05,4.326757335485787e-05,0.21755580541220723,4.326756663219597e-05,4.326756663219597e-05,4.3267572087008074e-05,4.326756663219597e-05,4.326757275438954e-05,4.3267573476444085e-05,4.32675737077741e-05,4.326756663219597e-05,4.326756663219597e-05,4.326757351954913e-05,0.1179033613964374,4.326756733794179e-05,0.16599352718741048,0.49794156003128154
3498051,6.582411795702243e-05,6.582411795702248e-05,6.582412696230483e-05,0.5835918673496779,6.582411795702248e-05,6.582411795702248e-05,6.58241285494499e-05,6.582411795702248e-05,6.582413922294869e-05,6.582412931315906e-05,6.58241273672075e-05,6.582411795702248e-05,6.582411795702248e-05,0.25320516485109945,0.022442216943680437,6.582411955385152e-05,6.582412815777396e-05,0.1398392131307162
3498852,0.00016149871718232169,0.00016149870801115493,0.00016149872448608022,0.6379116356674495,0.00016149870801115493,0.00016149870801115493,0.0001614987400042993,0.00016149870801115493,0.000161498722251923,0.0001614987298735737,0.0001614987354148117,0.00016149870801115493,0.00016149870801115493,0.0001614987301459147,0.0871576245228695,0.00016149870801115455,0.0001614987333523833,0.2725082590208916
3499451,0.0003306878306890937,0.00033068783068909404,0.00033068786985728096,0.0003306878805250769,0.00033068783068909404,0.00033068783068909404,0.0003306878695400212,0.00033068783068909404,0.00033068788468024884,0.0003306878904636205,0.11150686117040437,0.00033068783068909404,0.00033068783068909404,0.5242382133450646,0.00033068786390460896,0.0003306878331236227,0.0003306878783299046,0.359294607699283
3499550,5.7273768769206245e-05,5.727376861417008e-05,5.7273778979960654e-05,5.7273777081727754e-05,5.727376861417008e-05,5.727376861417008e-05,5.7273779254704694e-05,5.727376861417008e-05,5.727377503007616e-05,0.619390266163747,5.727377981798553e-05,5.727376861417008e-05,5.727376861417008e-05,0.08528120197058542,5.7273779827878655e-05,5.727376862808007e-05,0.02368751280665436,0.27083918623993847
3499551,6.407791877112159e-05,6.407791874956703e-05,6.407792602437493e-05,6.407792964845151e-05,6.407791874956703e-05,6.407791874956703e-05,6.407792769328908e-05,6.407791874956703e-05,6.407792670835256e-05,0.7520695633523615,0.06617685302422337,6.407791874956703e-05,6.407791874956703e-05,0.16896124194857334,6.407793285983582e-05,6.407791925087422e-05,6.407792869591234e-05,0.011895250752692056
3504350,0.00013386880856787873,0.0001338688085678788,0.031868068448246085,0.00013386882659030628,0.0001338688085678788,0.0001338688085678788,0.0001338688249395406,0.0001338688085678788,0.00013386883670374507,0.5988005129099909,0.0001338688246476896,0.0001338688085678788,0.0001338688085678788,0.36732338638050144,0.00013386882130978934,0.00013386881131019845,0.00013386882620120208,0.00013386882958387936
3504750,7.403458896007832e-06,7.4034588960078345e-06,0.0935263043296804,0.10304025629277043,7.4034588960078345e-06,7.4034588960078345e-06,7.40345987437917e-06,7.4034588960078345e-06,7.403459741181446e-06,7.403459998568133e-06,0.19465812812177558,7.4034588960078345e-06,7.4034588960078345e-06,0.6086716628256957,7.403459592461566e-06,7.403458928691184e-06,7.4034598636117764e-06,7.403459806889137e-06
3860552,0.0001413627367827823,0.00014136273678278235,0.26396042273224707,0.36453758341496634,0.00014136273678278235,0.00014136273678278235,0.05234265835868485,0.00014136273678278235,0.00014136275241566574,0.00014136276079737293,0.11287193051827923,0.00014136273678278235,0.00014136273678278235,0.07669949154211371,0.00014136275816586065,0.00014136273678278224,0.04540485515561155,0.08262806811245614
941852,2.6981814257244304e-05,2.6981814257244314e-05,2.6981818643491962e-05,0.837805877758128,2.6981814257244314e-05,2.6981814257244314e-05,2.6981818500684657e-05,2.6981814257244314e-05,0.002435028885149549,2.6981818428539805e-05,0.14965733788499994,2.6981814257244314e-05,2.6981814257244314e-05,2.698181832162558e-05,2.6981817338376906e-05,2.6981814673078646e-05,0.009724010047751334,2.698181826449954e-05
942550,7.579202670329372e-05,7.579202667905713e-05,0.006295685637181576,0.0783027964795233,7.579202667905713e-05,7.579202667905713e-05,0.09189924889629995,7.579202667905713e-05,7.579203792387747e-05,0.3132344733809787,7.579203724869958e-05,7.579202667905713e-05,7.579202667905713e-05,0.29854010110743034,7.579203499444038e-05,7.57920331614803e-05,7.579203908404913e-05,0.21081819012939568
942750,8.32916874897817e-05,8.329168748978174e-05,8.329169869122631e-05,8.329169917817231e-05,8.329168748978174e-05,8.329168748978174e-05,8.329169927864332e-05,8.329168748978174e-05,8.329170019341096e-05,0.4422911325988874,8.329169798439818e-05,8.329168748978174e-05,8.329168748978174e-05,0.3723854954332503,8.329170377757597e-05,8.329168756965385e-05,8.329169956754949e-05,0.18407399656919324
946550,1.4403825656131708e-05,1.4403825656131719e-05,0.02767849838525237,1.4403827878593415e-05,1.4403825656131719e-05,1.4403825656131719e-05,0.10192929695874793,1.4403825656131719e-05,0.01052358299797555,1.4403827867664056e-05,1.440382740988915e-05,1.4403825656131719e-05,1.4403825656131719e-05,1.4403827964441624e-05,1.4403827654365027e-05,1.4403825773413706e-05,0.0924828271739176,0.7671985447399653
950551,8.776549060945935e-05,8.776549060945941e-05,0.034259370464183134,0.3432660204263672,8.776549060945941e-05,8.776549060945941e-05,0.08428440999596269,8.776549060945941e-05,8.776549801929767e-05,0.19587225157492108,0.0045975536912491,8.776549060945941e-05,8.776549060945941e-05,0.32826344707560956,0.008491526337050652,8.776549086277194e-05,8.776550420202008e-05,8.776550730611678e-05
954951,2.0680299121079717e-06,2.0680299119916754e-06,0.00010683259749925423,0.2265560255952881,2.0680299119916754e-06,2.0680299119916754e-06,2.0680302322459393e-06,2.0680299119916754e-06,0.0011553540396184916,2.068030232759576e-06,0.7423254963639252,2.0680299119916754e-06,2.0680299119916754e-06,0.02982940701315304,2.0680302528102243e-06,2.0680299349506245e-06,2.0680302530498084e-06,2.0680302258520137e-06
954952,1.8043376277529956e-06,1.8043376276634934e-06,0.0027029986892548145,0.13554096411953429,1.8043376276634934e-06,1.8043376276634934e-06,1.8043379269588794e-06,1.8043376276634934e-06,1.804337832860277e-06,1.804337905383202e-06,0.8276174028964683,1.8043376276634934e-06,1.8043376276634934e-06,0.03382817278276145,1.8043379376602352e-06,1.8043376308931911e-06,0.0002870051214359134,1.804337917650224e-06
955150,6.226107339166766e-06,6.226107313216259e-06,0.012857176755092781,0.5638598595196594,6.226107313216259e-06,6.226107313216259e-06,6.22610818380831e-06,6.226107313216259e-06,6.226108064877603e-06,6.2261081932043475e-06,0.4123667494003291,6.226107313216259e-06,6.226107313216259e-06,0.010829048817461998,6.226107991649966e-06,6.2261073479771584e-06,6.2261082508199495e-06,6.226108206079008e-06
955450,3.731064845921839e-05,3.731064845921842e-05,3.731065407417136e-05,0.6625750475775457,3.731064845921842e-05,3.731064845921842e-05,3.731065452893069e-05,3.731064845921842e-05,3.7310654628756205e-05,3.731065383872437e-05,0.30465537056693714,3.731064845921842e-05,3.731064845921842e-05,3.7310654019077156e-05,3.731065190850585e-05,3.7310648522609875e-05,0.032209922090864034,3.7310653917967565e-05
955451,3.062599534492761e-05,3.0625995344922605e-05,3.062600020921664e-05,0.5496360472318264,3.0625995344922605e-05,3.0625995344922605e-05,3.062600040275207e-05,3.0625995344922605e-05,3.06259995027414e-05,3.062600023936927e-05,0.3068045539671633,3.0625995344922605e-05,3.0625995344922605e-05,3.062599995650452e-05,3.062599860880277e-05,3.06259953985118e-05,0.14310000883950294,3.062599977503318e-05
955452,2.83157775513758e-05,2.831577755137583e-05,0.010038415294938307,0.5990934552079232,2.831577755137583e-05,2.831577755137583e-05,0.003154532055105062,2.831577755137583e-05,2.8315781496344785e-05,2.831578234003028e-05,0.336250983157906,2.831577755137583e-05,2.831577755137583e-05,0.03299885606763992,2.8315780550986526e-05,2.8315777956657067e-05,0.018123968868613585,2.8315782670150338e-05
956351,5.8057848840715414e-06,5.805784884071379e-06,5.805785712686157e-06,0.560027380265474,5.805784884071379e-06,5.805784884071379e-06,5.805785683278409e-06,5.805784884071379e-06,0.0021393203595011724,5.805785819768515e-06,0.062406622388515645,5.805784884071379e-06,5.805784884071379e-06,0.36841436744501044,0.006936834333676176,5.80578490280281e-06,5.805785736826255e-06,5.80578577877454e-06
956352,1.1973180076640494e-05,1.1973180076640498e-05,1.1973181733803445e-05,1.1973181698725947e-05,1.1973180076640498e-05,1.1973180076640498e-05,1.1973181333020577e-05,1.1973180076640498e-05,1.1973182457208973e-05,1.1973181664476057e-05,0.0023491308486716864,1.1973180076640498e-05,1.1973180076640498e-05,0.997459298257738,1.1973181260843609e-05,1.1973180098761796e-05,1.1973181395417647e-05,1.1973181411407494e-05
957050,0.00015561780267692258,0.00015561780267692266,0.00015561781736312376,0.00015561782077764104,0.00015561780267692266,0.00015561780267692266,0.00015561782697393184,0.00015561780267692266,0.00015561781224179532,0.00015561782702983948,0.03152262797471585,0.00015561780267692266,0.00015561780267692266,0.00015561781884881025,0.00015561782035862775,0.00015561780267692253,0.0001556178222948455,0.9659874870379801
958250,3.706174486705456e-05,3.7061744867048036e-05,3.706175102990964e-05,0.6024983986384451,3.7061744867048036e-05,3.7061744867048036e-05,0.007718397164157563,3.7061744867048036e-05,3.7061751525846725e-05,0.015311300178093052,0.08513694884310612,3.7061744867048036e-05,3.7061744867048036e-05,0.2888531524651341,3.7061748632419914e-05,3.7061744909211886e-05,3.7061750826113214e-05,3.7061750071175136e-05
958251,3.5773055734533225e-05,3.577305573453325e-05,0.05735086795179155,0.6727399781789847,3.577305573453325e-05,3.577305573453325e-05,3.5773065813971255e-05,3.577305573453325e-05,3.577306017006249e-05,3.5773061901970974e-05,0.1105435562749537,3.577305573453325e-05,3.577305573453325e-05,0.1588647747776524,3.577305983020499e-05,3.5773055977606276e-05,3.577306194480505e-05,3.5773060837326365e-05
960052,8.874689385879927e-05,8.874689385879928e-05,0.14664955279601036,8.8746907344407e-05,8.874689385879928e-05,8.874689385879928e-05,8.87469077955175e-05,8.874689385879928e-05,8.874690464189826e-05,8.874690691440331e-05,8.874690874414953e-05,8.874689385879928e-05,8.874689385879928e-05,0.8519304968058811,8.874690128941304e-05,8.874689397781297e-05,8.874690574804856e-05,8.874690464129043e-05
