,0,1,2,3,4,5,6,7,8,9,10,11,12,13,14,15,16,17,18,19,20,21,22,23,24,25,26,27,28,29
1719250,0.00015151515151562263,0.0001515151515154022,0.0001515151515154244,0.0001515151515156307,0.0001515151515154022,0.00015151515151540226,0.004507095834000435,0.1072706396645428,0.0001515151515154022,0.0001515151515154022,0.0001515151515154022,0.0001515151515155858,0.0001515151515154022,0.0001515151515155557,0.09394423350728152,0.0001515151515154022,0.00015151515151549767,0.00015151515151564827,0.0001515151515156141,0.0001515151515154022,0.11475968317117922,0.0001515151515154022,0.5441438495386516,0.0001515151515154022,0.0001515151515154022,0.00015151515151557262,0.0001515151515154022,0.13173813464797307,0.0001515151515156294,0.0001515151515154022
1719251,0.00015503875969043326,0.00015503875969016654,0.0001550387596901972,0.0001550387596903976,0.00015503875969016654,0.00015503875969016877,0.017138801435565468,0.04287305933686533,0.00015503875969016654,0.00015503875969016654,0.00015503875969016654,0.00015503875969032413,0.00015503875969016654,0.00015503875969018655,0.1529865693458261,0.00015503875969016654,0.00015503875969027605,0.0001550387596904007,0.00015503875969040718,0.00015503875969016654,0.15128878384410954,0.00015503875969016654,0.6318368170453773,0.00015503875969016654,0.00015503875969016654,0.0001550387596903687,0.00015503875969016654,0.00015503875969041146,0.00015503875969036216,0.00015503875969016654
1719252,0.00019267822736095266,0.00019267822736065903,0.00019267822736067838,0.0001926782273609301,0.00019267822736065903,0.00019267822736100397,0.00019267822736129174,0.4856383063182632,0.00019267822736065973,0.00019267822736065903,0.00019267822736065903,0.0001926782273609132,0.00019267822736065903,0.00019267822736065903,0.00019267822736097944,0.00019267822736067743,0.00019267822736087682,0.00019267822736095008,0.00019267822736093577,0.00019267822736065903,0.08594595623854386,0.00019267822736065903,0.3651508978853484,0.00019267822736065903,0.00019267822736065903,0.00019267822736092983,0.00019267822736094696,0.058255205646463595,0.00019267822736092634,0.00019267822736065903
1721352,5.208333333358379e-05,5.208333333350117e-05,5.2083333333522e-05,0.2951476857456861,5.208333333350117e-05,5.208333333350463e-05,5.208333333352249e-05,0.2375171003709058,5.2083333333505745e-05,5.208333333350117e-05,5.208333333350117e-05,5.208333333355567e-05,5.208333333350117e-05,5.208333333350612e-05,5.208333333356024e-05,5.2083333333504946e-05,5.208333333354033e-05,5.208333333356975e-05,5.2083333333567e-05,5.208333333350117e-05,5.208333333355556e-05,5.208333333350117e-05,0.25937891356292275,5.208333333350117e-05,5.208333333350117e-05,5.208333333358339e-05,5.208333333350117e-05,0.20660213365381355,5.208333333358247e-05,5.208333333350117e-05
1724351,1.1642798928902362e-05,1.1642798928884297e-05,1.1642798928887095e-05,1.1642798928898835e-05,1.1642798928884297e-05,1.1642798928886094e-05,1.1642798928899718e-05,1.1642798928902342e-05,1.1642798928885418e-05,1.1642798928884867e-05,1.1642798928884297e-05,1.1642798928900095e-05,1.1642798928884297e-05,1.1642798928885003e-05,0.7729916892331411,1.164279892888476e-05,1.164279892890472e-05,1.1642798928901959e-05,1.1642798928902342e-05,1.1642798928884297e-05,0.01864290813620984,1.1642798928884297e-05,1.1642798928902403e-05,1.1642798928884297e-05,1.1642798928884297e-05,1.164279892890005e-05,1.1642798928884366e-05,0.0831467854895331,0.12491590436896523,1.1642798928884297e-05
1733252,4.110152075651477e-05,4.1101520756447836e-05,4.110152075645216e-05,0.18181313218870454,4.1101520756447836e-05,0.0009336658286686708,4.110152075645685e-05,4.110152075652583e-05,4.110152075644819e-05,4.110152075645168e-05,4.1101520756447836e-05,4.110152075650161e-05,4.1101520756447836e-05,4.110152075645288e-05,0.01776127204332514,4.110152075644812e-05,4.1101520756508565e-05,0.33310572371774255,4.1101520756510876e-05,4.1101520756447836e-05,0.2428628183939536,4.1101520756447836e-05,0.18191828060520082,4.1101520756447836e-05,4.1101520756447836e-05,4.1101520756503625e-05,4.1101520756447836e-05,4.1101520756528325e-05,0.04065977224500617,4.1101520756447836e-05
1733350,4.967709885774642e-05,4.967709885767369e-05,4.967709885768739e-05,4.967709885775689e-05,4.967709885767369e-05,4.967709885768174e-05,4.967709885771586e-05,4.96770988577568e-05,4.967709885767728e-05,4.967709885767584e-05,4.967709885767369e-05,0.00511390817237631,4.967709885767369e-05,4.967709885767535e-05,0.1008782360455651,4.9677098857674446e-05,4.967709885770783e-05,0.1612044483612559,0.1483401179867035,4.967709885767369e-05,0.349288458489076,4.967709885767369e-05,0.017047355436687412,4.967709885767369e-05,4.967709885767369e-05,0.030875451794943908,4.967709885768793e-05,0.05545636333942343,0.1307524412979572,4.967709885767369e-05
1734751,4.070004070021044e-05,4.07000407001459e-05,4.0700040700249066e-05,4.0700040700210285e-05,4.07000407001459e-05,4.070004070014787e-05,4.070004070018583e-05,4.070004070021501e-05,4.07000407001481e-05,4.070004070014692e-05,4.07000407001459e-05,4.070004070020592e-05,4.07000407001459e-05,4.0700040700147855e-05,0.46857472826338153,4.070004070014757e-05,4.070004070018473e-05,0.11975911743007155,4.0700040700211125e-05,4.07000407001459e-05,0.18345972336279334,4.07000407001459e-05,0.2271482298855492,4.07000407001459e-05,4.07000407001459e-05,4.070004070020022e-05,4.070004070015419e-05,4.0700040700212e-05,4.070004070020237e-05,4.07000407001459e-05
1738751,0.00018115942029050495,0.00018115942029022574,0.00018115942029024842,0.0001811594202905323,0.00018115942029022574,0.00018115942029027865,0.00018115942029024466,0.00018115942029054148,0.00018115942029023455,0.00018115942029022574,0.00018115942029022574,0.00018115942029043816,0.00018115942029022574,0.00018115942029022574,0.2815241827676275,0.00018115942029026292,0.00018115942029032356,0.0001811594202905067,0.713403353464243,0.00018115942029022574,0.00018115942029057395,0.00018115942029022574,0.000181159420290551,0.00018115942029022574,0.00018115942029022574,0.00018115942029047884,0.00018115942029026902,0.00018115942029059363,0.00018115942029049847,0.00018115942029022574
1740350,0.000343642611685253,0.0003436426116845247,0.0003436426116845371,0.0003436426116851008,0.0003436426116845247,0.011657449455373402,0.00034364261168453805,0.00034364261168516683,0.00034364261168455036,0.0003436426116845247,0.0003436426116845247,0.0003436426116852011,0.0003436426116845247,0.0003436426116846598,0.135383724738559,0.0003436426116845247,0.0003436426116846796,0.00034364261168501683,0.203651559103447,0.0003436426116845247,0.0003436426116850145,0.0003436426116845247,0.0003436426116849814,0.0003436426116845247,0.0003436426116845247,0.18345453611109047,0.0003436426116845247,0.3433053685699427,0.11429993934115455,0.0003436426116845247
1743150,3.6114120621290415e-05,3.611412062124198e-05,3.6114120621262355e-05,3.6114120621292956e-05,3.611412062124198e-05,3.6114120621272526e-05,3.61141206212489e-05,0.15895991245298416,3.611412062124331e-05,3.6114120621245434e-05,3.611412062124198e-05,3.611412062129079e-05,3.611412062124198e-05,3.6114120621248165e-05,0.059872474756552836,3.611412062124354e-05,3.61141206213028e-05,3.611412062129981e-05,0.08095457575431313,3.611412062124198e-05,3.6114120621307044e-05,3.611412062124198e-05,0.10672897009788497,3.611412062124198e-05,3.611412062124198e-05,3.6114120621304476e-05,3.611412062124198e-05,3.611412062129992e-05,0.5925812139227333,3.611412062124198e-05
1744450,0.24893594920043413,3.7243947858569325e-05,3.7243947858635645e-05,0.03411414921760604,3.7243947858569325e-05,3.724394785857313e-05,3.724394785858494e-05,3.724394785863068e-05,3.724394785856956e-05,3.7243947858569325e-05,3.7243947858569325e-05,3.724394785861584e-05,3.7243947858569325e-05,3.724394785857005e-05,3.7243947858621645e-05,3.7243947858570274e-05,3.7243947858601574e-05,0.13520147308505237,3.7243947858620344e-05,3.7243947858569325e-05,0.08694222127614039,3.7243947858569325e-05,0.08978446335676192,3.7243947858569325e-05,3.7243947858569325e-05,3.72439478586228e-05,3.724394785857011e-05,0.40412788911539904,3.724394785862622e-05,3.7243947858569325e-05
1744452,0.36903649891604834,5.659309564254642e-05,5.659309564257777e-05,0.15046253248378194,5.659309564254642e-05,0.019764849077982392,5.659309564257985e-05,5.659309564262561e-05,5.659309564254653e-05,5.659309564254642e-05,5.659309564254642e-05,0.03505990025901205,5.659309564254642e-05,5.659309564280209e-05,5.659309564262507e-05,5.659309564254642e-05,5.6593095642622584e-05,0.04515484370954982,0.07794042922200758,5.659309564254642e-05,0.027886527094115817,5.659309564254642e-05,0.013632002835044402,5.659309564254642e-05,5.659309564254642e-05,0.0236017624202203,5.659309564254642e-05,0.2363287920693856,5.65930956426404e-05,5.659309564254642e-05
1745951,0.007695145088761897,2.5138260432511713e-05,2.5138260432538056e-05,2.513826043254681e-05,2.5138260432511713e-05,2.5138260432520813e-05,2.513826043254281e-05,2.5138260432550246e-05,2.513826043251838e-05,2.5138260432512055e-05,2.5138260432511713e-05,0.022841128434835257,2.5138260432511713e-05,2.5138260432517574e-05,0.006902547922143745,2.5138260432512326e-05,2.5138260432532997e-05,0.10472018456768367,0.2199143629872331,2.5138260432511713e-05,0.01501936393867191,2.5138260432511713e-05,0.1188338619670254,2.5138260432511713e-05,2.5138260432511713e-05,2.513826043255634e-05,2.5138260432511713e-05,2.5138260432555955e-05,0.5035203633641295,2.5138260432511713e-05
1747550,2.6795284030130724e-05,2.67952840300928e-05,2.6795284030155986e-05,2.679528403014182e-05,2.67952840300928e-05,2.6795284030104334e-05,2.6795284030120377e-05,2.679528403013428e-05,2.679528403009405e-05,2.67952840300928e-05,2.67952840300928e-05,2.6795284030124283e-05,2.67952840300928e-05,2.6795284030093295e-05,0.24594284149456636,2.6795284030098886e-05,2.6795284030166723e-05,2.6795284030135315e-05,0.09257544893661054,2.67952840300928e-05,0.5393299032613279,2.67952840300928e-05,2.6795284030135454e-05,2.67952840300928e-05,2.67952840300928e-05,0.09635087985271011,2.6795284030094637e-05,2.6795284030136298e-05,0.02513104435403243,2.67952840300928e-05
1749252,6.406560317790707e-06,6.40656031778061e-06,6.406560317799844e-06,6.406560317789841e-06,6.40656031778061e-06,0.00039174206377072497,6.406560317785456e-06,6.406560317789809e-06,6.406560317780731e-06,6.4065603177810446e-06,6.40656031778061e-06,6.406560317790321e-06,6.40656031778061e-06,6.40656031778088e-06,6.406560317790667e-06,6.4065603177838745e-06,6.406560317790465e-06,6.406560317790156e-06,6.406560317789636e-06,6.40656031778061e-06,0.6658092965171047,6.40656031778061e-06,0.3336259842905439,6.40656031778061e-06,6.40656031778061e-06,6.406560317790841e-06,6.406560317780807e-06,6.406560317791523e-06,6.406560317790758e-06,6.40656031778061e-06
1749550,0.039035571876914026,2.635046113314913e-05,2.6350461133160818e-05,0.008896825812307252,2.635046113314913e-05,2.6350461133151195e-05,2.635046113318595e-05,0.16725160647138784,2.6350461133156864e-05,2.635046113314913e-05,2.635046113314913e-05,2.6350461133195753e-05,2.635046113314913e-05,0.0006015930835644279,0.48270998707676116,2.6350461133151205e-05,2.6350461133171477e-05,2.635046113319017e-05,0.126786825778783,2.635046113314913e-05,2.6350461133188865e-05,2.635046113314913e-05,0.12479543858467115,2.635046113314913e-05,2.635046113314913e-05,0.033610857583812485,2.6350461133166862e-05,0.01575793404800239,2.6350461133191853e-05,2.635046113314913e-05
1749750,3.770739064879404e-05,3.770739064873597e-05,0.0046887420438200995,3.7707390648801986e-05,3.770739064873597e-05,3.7707390648907445e-05,3.770739064874719e-05,3.77073906488001e-05,3.770739064874336e-05,3.770739064873749e-05,3.770739064873597e-05,3.7707390648794824e-05,3.770739064873597e-05,3.770739064873913e-05,0.11767510328671382,3.770739064873976e-05,3.770739064878703e-05,0.7045994544295482,0.05610470570856931,3.770739064873597e-05,3.770739064880031e-05,3.770739064873597e-05,0.008994774906027297,3.770739064873597e-05,3.770739064873597e-05,3.770739064881421e-05,3.7707390648737645e-05,0.10703224224975087,3.7707390648802216e-05,3.770739064873597e-05
1749751,2.0350020350088642e-05,2.0350020350061273e-05,2.035002035007476e-05,2.035002035009245e-05,2.0350020350061273e-05,2.0350020350066033e-05,2.0350020350066735e-05,0.11309937453314356,2.0350020350062625e-05,2.0350020350061273e-05,2.0350020350061273e-05,2.0350020350083967e-05,2.0350020350061273e-05,2.0350020350064485e-05,2.03500203500934e-05,2.0350020350061598e-05,2.0350020350090472e-05,0.7392454099489584,2.0350020350088856e-05,2.0350020350061273e-05,2.0350020350094677e-05,2.0350020350061273e-05,0.030093926043439908,2.0350020350061273e-05,2.0350020350061273e-05,2.035002035011143e-05,2.0350020350061724e-05,0.08744738295983816,0.029605156005868376,2.0350020350061273e-05
1749752,0.005778230037796132,2.1588946459497805e-05,0.0013775407305313613,2.1588946459528474e-05,2.1588946459497805e-05,2.158894645950398e-05,2.1588946459510663e-05,0.13077023827768156,2.158894645950014e-05,2.158894645949814e-05,2.1588946459497805e-05,2.1588946459533834e-05,2.1588946459497805e-05,2.1588946459499208e-05,0.010506048589204373,2.1588946459498872e-05,0.009280187314157556,0.749181936689915,2.1588946459532005e-05,2.1588946459497805e-05,2.158894645953164e-05,2.1588946459497805e-05,2.1588946459530842e-05,2.1588946459497805e-05,2.1588946459497805e-05,0.013489632727384626,2.158894645949876e-05,2.158894645953105e-05,0.07914122881122021,2.1588946459497805e-05
1750150,1.243781094533766e-05,1.243781094532043e-05,1.2437810945322622e-05,1.2437810945338963e-05,1.243781094532043e-05,1.2437810945324184e-05,1.2437810945327327e-05,0.16505139408995248,1.2437810945321887e-05,1.2437810945320842e-05,1.243781094532043e-05,1.24378109453373e-05,1.243781094532043e-05,1.2437810945334472e-05,0.04102630928508358,1.2437810945321455e-05,1.2437810945338397e-05,1.2437810945337999e-05,1.2437810945338592e-05,1.243781094532043e-05,1.2437810945336839e-05,1.243781094532043e-05,0.6268645649880273,1.243781094532043e-05,1.243781094532043e-05,0.14858844888845227,1.2437810945322363e-05,0.018158337474851242,1.2437810945338755e-05,1.243781094532043e-05
1751952,0.2784590819468336,0.00011111111111122718,0.00011111111111130047,0.020604070711206464,0.00011111111111122718,0.00011111111111123504,0.00011111111111125992,0.00011111111111136139,0.00011111111111138142,0.00011111111111122718,0.00011111111111122718,0.00011111111111135189,0.00011111111111122718,0.00011111111111122768,0.00011111111111134334,0.00011111111111126856,0.00011111111111129557,0.00011111111111140784,0.00011111111111137634,0.00011111111111122718,0.00011111111111154981,0.00011111111111122718,0.00011111111111136502,0.00011111111111122718,0.00011111111111122718,0.00011111111111138024,0.00011111111111123125,0.6086171045369904,0.089430853916076,0.00011111111111122718
1752551,0.4144741685245093,0.00012345679012395935,0.00012345679012439455,0.06867494713644583,0.00012345679012395935,0.00012345679012448223,0.00012345679012407446,0.08043000811553754,0.00012345679012395994,0.00012345679012395935,0.00012345679012395935,0.00012345679012409504,0.00012345679012395935,0.00012345679012396162,0.000123456790124175,0.00012345679012396257,0.007091893592782772,0.00012345679012413352,0.06801144848635467,0.00012345679012395935,0.0001234567901241835,0.00012345679012395935,0.1913713073972092,0.00012345679012395935,0.00012345679012395935,0.0001234567901241237,0.00012345679012407045,0.16710672057430706,0.00012345679012419527,0.00012345679012395935
1754851,1.692906720847994e-05,1.692906720845302e-05,1.6929067208469692e-05,1.6929067208479206e-05,1.692906720845302e-05,1.6929067208467317e-05,1.6929067208455933e-05,1.6929067208476326e-05,1.6929067208454297e-05,1.692906720845302e-05,1.692906720845302e-05,1.692906720847092e-05,1.692906720845302e-05,1.6929067208458278e-05,0.193807445048402,1.6929067208453528e-05,1.692906720847469e-05,1.6929067208478125e-05,0.172733953764675,1.692906720845302e-05,0.37537752485706194,1.692906720845302e-05,0.041154946930994155,1.692906720845302e-05,1.692906720845302e-05,1.692906720847336e-05,1.6929067208474012e-05,0.09486936044092244,0.12165047134494139,1.692906720845302e-05
1757550,5.192107995858773e-05,5.1921079958520666e-05,5.192107995855336e-05,0.02281734966453571,5.1921079958520666e-05,5.192107995855555e-05,5.192107995853851e-05,5.19210799586025e-05,5.192107995852838e-05,5.1921079958523865e-05,5.1921079958520666e-05,5.1921079958580955e-05,5.1921079958520666e-05,5.192107995852726e-05,5.1921079958593945e-05,5.192107995852408e-05,5.192107995857439e-05,0.7570772330841008,5.1921079958594196e-05,5.1921079958520666e-05,0.0979123100133187,5.1921079958520666e-05,5.192107995859961e-05,5.1921079958520666e-05,5.1921079958520666e-05,5.1921079958585136e-05,5.1921079958520666e-05,0.12084315915912269,5.192107995859109e-05,5.1921079958520666e-05
1757750,0.4240737072156209,4.323389537413645e-05,4.323389537414844e-05,0.040101545051249236,4.323389537413645e-05,4.3233895374136587e-05,4.323389537415098e-05,0.1601179700117147,4.32338953741393e-05,4.323389537413782e-05,4.323389537413645e-05,4.323389537419098e-05,4.323389537413645e-05,4.3233895374137223e-05,4.323389537420007e-05,4.323389537414454e-05,4.3233895374166836e-05,4.323389537420632e-05,0.36809853559396977,4.323389537413645e-05,4.323389537419039e-05,4.323389537413645e-05,4.323389537419981e-05,4.323389537413645e-05,4.323389537413645e-05,4.3233895374195133e-05,4.323389537413645e-05,4.323389537419714e-05,0.006527394743091483,4.323389537413645e-05
1757752,0.13479622402550462,6.301197227486817e-05,0.0031935669746085246,0.03094150467955316,6.301197227486817e-05,6.301197227486818e-05,6.30119722748872e-05,0.09166607304214636,6.30119722748819e-05,6.301197227486817e-05,6.301197227486817e-05,6.301197227492702e-05,6.301197227486817e-05,6.301197227492258e-05,6.301197227495065e-05,6.301197227489053e-05,0.025157879212643626,6.301197227495687e-05,0.6726085795420311,6.301197227486817e-05,6.301197227494606e-05,6.301197227486817e-05,6.301197227494724e-05,6.301197227486817e-05,6.301197227486817e-05,0.04018689716118998,6.30119722748692e-05,6.301197227496349e-05,6.301197227495714e-05,6.301197227486817e-05
1758052,0.15295459623063623,0.00016025641025699104,0.00016025641025735164,0.0001602564102572909,0.00016025641025699104,0.00016025641025699106,0.00016025641025707967,0.00016025641025728312,0.0001602564102569916,0.00016025641025699104,0.00016025641025699104,0.0001602564102571728,0.00016025641025699104,0.00016025641025708837,0.00016025641025726718,0.00016025641025701334,0.00016025641025713518,0.03668331639394737,0.21073150540241384,0.00016025641025699104,0.0001602564102571768,0.00016025641025699104,0.00016025641025725658,0.00016025641025699104,0.00016025641025699104,0.00016025641025722,0.0001602564102570444,0.5954639153063181,0.0001602564102572107,0.00016025641025699104
1760452,0.06992562854933726,6.523157208113405e-05,6.523157208114981e-05,6.523157208123564e-05,6.523157208113405e-05,6.52315720812292e-05,6.523157208117456e-05,6.523157208123838e-05,6.523157208113737e-05,6.52315720811347e-05,6.523157208113405e-05,6.523157208122586e-05,6.523157208113405e-05,0.0018926950280111303,0.5192570211133217,6.523157208114179e-05,0.004844105271130796,6.523157208123916e-05,0.25079655157556624,6.523157208113405e-05,0.06692761141470571,6.523157208113405e-05,0.05832608303958486,6.523157208113405e-05,6.523157208113405e-05,6.523157208122769e-05,6.523157208113972e-05,0.026595209422556533,6.523157208123743e-05,6.523157208113405e-05
1760752,1.5069318866867698e-05,1.506931886684559e-05,1.5069318866854081e-05,1.5069318866868398e-05,1.506931886684559e-05,1.5069318866846258e-05,1.5069318866856777e-05,1.5069318866866983e-05,1.5069318866846819e-05,1.506931886684559e-05,1.506931886684559e-05,0.07378961915778512,1.506931886684559e-05,1.5069318866845842e-05,0.25624987363825785,1.5069318866846162e-05,1.506931886687584e-05,0.17309989889129535,1.5069318866871288e-05,1.506931886684559e-05,0.023271408643710356,1.506931886684559e-05,0.010456635901970027,1.506931886684559e-05,1.506931886684559e-05,1.506931886687057e-05,1.5069318866845842e-05,0.08958792869874244,0.37319804073430135,1.506931886684559e-05
1761250,2.86368843071351e-05,2.8636884307093123e-05,2.863688430710166e-05,2.8636884307131632e-05,2.8636884307093123e-05,2.8636884307095264e-05,2.8636884307116586e-05,2.8636884307135817e-05,2.863688430709324e-05,2.8636884307093123e-05,2.8636884307093123e-05,2.8636884307128454e-05,2.8636884307093123e-05,0.0017877603677566186,0.06674430064045657,2.8636884307093672e-05,2.8636884307134255e-05,2.8636884307140523e-05,0.09109397150654255,2.8636884307093123e-05,2.863688430714553e-05,2.8636884307093123e-05,0.12175961150809773,2.8636884307093123e-05,2.8636884307093123e-05,0.2169466703976149,2.8636884307093123e-05,0.5009804003561611,2.8636884307138524e-05,2.8636884307093123e-05
1761251,2.028809089078895e-05,2.0288090890753036e-05,2.0288090890761866e-05,2.0288090890785715e-05,2.0288090890753036e-05,2.0288090890755144e-05,2.0288090890764265e-05,0.05514438290225907,2.028809089075353e-05,2.0288090890753707e-05,2.0288090890753036e-05,2.0288090890781805e-05,2.0288090890753036e-05,2.028809089076477e-05,0.07875245784564215,2.0288090890754405e-05,2.0288090890774124e-05,2.028809089078666e-05,0.06274844220935326,2.0288090890753036e-05,2.0288090890785115e-05,2.0288090890753036e-05,0.080077501147442,2.0288090890753036e-05,2.0288090890753036e-05,0.34732174523006704,2.0288090890753036e-05,0.35737832309678125,0.0181105214779678,2.0288090890753036e-05
1761252,2.5425883549553153e-05,2.5425883549509914e-05,0.0046573340830402,2.5425883549545944e-05,2.5425883549509914e-05,2.5425883549511994e-05,2.5425883549515355e-05,2.542588354954795e-05,2.5425883549510422e-05,2.542588354951204e-05,2.5425883549509914e-05,2.5425883549549416e-05,2.5425883549509914e-05,2.5425883549517622e-05,0.007147427684841952,2.5425883549509914e-05,2.5425883549537405e-05,2.542588354955257e-05,2.5425883549563057e-05,2.5425883549509914e-05,2.5425883549549745e-05,2.5425883549509914e-05,0.5186488669743161,2.5425883549509914e-05,2.5425883549509914e-05,0.118470103444047,2.5425883549509914e-05,0.3504406207250168,2.5425883549552083e-05,2.5425883549509914e-05
1761450,7.415647015242139e-06,7.4156470152295745e-06,7.41564701523834e-06,7.4156470152400735e-06,7.4156470152295745e-06,7.415647015232153e-06,7.41564701524125e-06,6.851094549840007e-05,7.415647015229953e-06,7.415647015229686e-06,7.4156470152295745e-06,0.0703873802151387,7.4156470152295745e-06,7.415647015230072e-06,0.26185838009706225,7.415647015229717e-06,7.415647015236136e-06,7.4156470152413686e-06,0.016438439138547044,7.4156470152295745e-06,0.2424774040989884,7.4156470152295745e-06,0.3268666614852552,7.4156470152295745e-06,7.4156470152295745e-06,0.010427096336483529,7.415647015231097e-06,0.023998497972494832,0.04732190112321162,7.4156470152295745e-06
1766250,0.3117349163222657,6.184291898610662e-05,6.184291898611573e-05,0.16366699032987575,6.184291898610662e-05,0.007054064835161046,0.010800259630947509,6.184291898623147e-05,6.184291898610918e-05,6.184291898610969e-05,6.184291898610662e-05,6.184291898616025e-05,6.184291898610662e-05,6.184291898612416e-05,0.2506142572588688,6.184291898611425e-05,6.184291898625654e-05,6.184291898620234e-05,0.2546452815672138,6.184291898610662e-05,6.184291898616819e-05,6.184291898610662e-05,6.184291898621241e-05,6.184291898610662e-05,6.184291898610662e-05,6.184291898617795e-05,6.184291898611062e-05,6.184291898616434e-05,6.184291898622495e-05,6.184291898610662e-05
1768250,6.887052341622195e-05,6.887052341613743e-05,6.887052341618356e-05,0.07412288498177062,6.887052341613743e-05,6.887052341614102e-05,6.887052341650474e-05,6.887052341625306e-05,6.887052341614248e-05,6.887052341613743e-05,6.887052341613743e-05,6.887052341622533e-05,6.887052341613743e-05,6.887052341613912e-05,0.0905123009744882,6.887052341613797e-05,6.887052341618536e-05,6.887052341624895e-05,6.887052341624274e-05,6.887052341613743e-05,0.2338121491061173,6.887052341613743e-05,0.5997620313288028,6.887052341613743e-05,6.887052341613743e-05,6.887052341625722e-05,6.887052341613743e-05,6.887052341625838e-05,6.887052341622292e-05,6.887052341613743e-05
1768452,0.0003086419753107472,0.0003086419753103632,0.00030864197531061993,0.2282785831039869,0.0003086419753103632,0.000308641975310384,0.0003086419753104856,0.0003086419753108695,0.0003086419753103931,0.0003086419753103632,0.0003086419753103632,0.0003086419753106381,0.0003086419753103632,0.0003086419753104364,0.00030864197531083954,0.0003086419753103632,0.00030864197531055775,0.10908895172271976,0.0003086419753107541,0.0003086419753103632,0.0003086419753108014,0.0003086419753103632,0.09539522359956744,0.0003086419753103632,0.0003086419753103632,0.0003086419753106781,0.0003086419753103632,0.5592125502156525,0.000308641975310703,0.0003086419753103632
1768850,0.30916396391325307,6.337135614779255e-05,6.337135614780763e-05,0.05261551584806053,6.337135614779255e-05,6.33713561477955e-05,6.337135614780013e-05,6.337135614788758e-05,6.337135614779805e-05,6.337135614779255e-05,6.337135614779255e-05,6.33713561478638e-05,6.337135614779255e-05,6.337135614781882e-05,6.337135614787696e-05,6.337135614779549e-05,6.337135614782822e-05,0.2585686220593094,0.3715714673146513,6.337135614779255e-05,6.337135614785597e-05,6.337135614779255e-05,6.337135614790499e-05,6.337135614779255e-05,6.337135614779255e-05,6.33713561478689e-05,6.337135614779255e-05,6.337135614786185e-05,0.006496146961030141,6.337135614779255e-05
1768851,0.21763439088374611,5.889281507665108e-05,5.8892815076661944e-05,0.2164120318298387,5.889281507665108e-05,5.889281507665226e-05,5.8892815076670624e-05,5.8892815076729944e-05,5.88928150766622e-05,5.889281507665108e-05,5.889281507665108e-05,5.8892815076710774e-05,5.889281507665108e-05,5.889281507666919e-05,5.889281507672094e-05,5.889281507665275e-05,5.8892815076760864e-05,0.15225540352741299,0.41216696056700847,5.889281507665108e-05,5.889281507670982e-05,5.889281507665108e-05,5.889281507671911e-05,5.889281507665108e-05,5.889281507665108e-05,5.889281507671362e-05,5.889281507665108e-05,5.8892815076735094e-05,5.8892815076724604e-05,5.889281507665108e-05
1768852,0.3906865716600689,3.968253968265249e-05,3.968253968265884e-05,0.0709245465117496,3.968253968265249e-05,3.9682539682653e-05,3.968253968265825e-05,3.968253968270513e-05,3.968253968267193e-05,3.9682539682653205e-05,3.968253968265249e-05,3.968253968268916e-05,3.968253968265249e-05,3.968253968265422e-05,3.9682539682701994e-05,3.968253968265455e-05,3.968253968268244e-05,0.011416748923990673,0.5207342470727558,3.968253968265249e-05,3.968253968268643e-05,3.968253968265249e-05,3.9682539682695144e-05,3.968253968265249e-05,3.968253968265249e-05,0.0052458223393682495,3.968253968265249e-05,3.9682539682691715e-05,3.968253968269665e-05,3.968253968265249e-05
1772950,2.688172043021795e-05,2.6881720430179565e-05,2.688172043019064e-05,2.6881720430217848e-05,2.6881720430179565e-05,2.6881720430179982e-05,2.688172043024046e-05,0.3729913495374844,2.6881720430201548e-05,2.6881720430179908e-05,2.6881720430179565e-05,2.6881720430212078e-05,2.6881720430179565e-05,2.6881720430179677e-05,0.5778722787820262,2.688172043018218e-05,2.6881720430202e-05,2.688172043022172e-05,2.6881720430223086e-05,2.6881720430179565e-05,2.6881720430220846e-05,2.6881720430179565e-05,2.68817204302219e-05,2.6881720430179565e-05,2.6881720430179565e-05,0.04841056522887425,2.6881720430180836e-05,2.688172043022769e-05,2.6881720430218647e-05,2.6881720430179565e-05
1772951,1.5569048731194806e-05,1.5569048731173366e-05,1.556904873121804e-05,1.556904873119418e-05,1.5569048731173366e-05,1.5569048731175358e-05,1.5569048731181707e-05,0.8103737289881339,1.5569048731175067e-05,1.5569048731173366e-05,1.5569048731173366e-05,1.556904873119939e-05,1.5569048731173366e-05,1.5569048731175805e-05,0.07331487670431795,1.556904873117416e-05,1.5569048731184398e-05,1.5569048731197557e-05,1.55690487311978e-05,1.5569048731173366e-05,0.034043969933423755,1.5569048731173366e-05,1.5569048731199658e-05,1.5569048731173366e-05,1.5569048731173366e-05,0.06906623407620906,1.5569048731175365e-05,0.012811964079635777,1.556904873119931e-05,1.5569048731173366e-05
1774752,1.9190174630677988e-05,1.9190174630647647e-05,1.9190174630674265e-05,0.33543664264309164,1.9190174630647647e-05,1.9190174630648257e-05,1.9190174630654336e-05,0.04466885538125826,1.9190174630654488e-05,1.9190174630647763e-05,1.9190174630647647e-05,1.9190174630680265e-05,1.9190174630647647e-05,1.9190174630668817e-05,0.46144849056251186,1.919017463064799e-05,1.9190174630718388e-05,1.9190174630676135e-05,0.15794706687274127,1.9190174630647647e-05,1.9190174630672794e-05,1.9190174630647647e-05,1.9190174630676206e-05,1.9190174630647647e-05,1.9190174630647647e-05,1.9190174630679e-05,1.919017463064801e-05,1.919017463067509e-05,1.919017463067212e-05,1.9190174630647647e-05
1775851,3.313452617646852e-05,3.313452617642461e-05,0.001576442661130713,0.05230021318622953,3.313452617642461e-05,3.3134526176675715e-05,3.313452617643198e-05,3.313452617647385e-05,3.313452617642584e-05,3.313452617643092e-05,3.313452617642461e-05,0.039355404122824726,3.313452617642461e-05,3.3134526176434886e-05,0.2100224847537558,3.3134526176424946e-05,3.3134526176520206e-05,3.313452617647421e-05,0.1509041341159569,3.313452617642461e-05,0.0958485554732369,3.313452617642461e-05,0.3169097880833082,3.313452617642461e-05,3.313452617642461e-05,3.313452617649951e-05,3.313452617642461e-05,3.3134526176472095e-05,0.13235401802767527,3.313452617642461e-05
1778050,6.58761528330154e-05,6.587615283291981e-05,6.587615283300828e-05,6.587615283302036e-05,6.587615283291981e-05,6.587615283292193e-05,6.587615283295532e-05,0.09292589431244852,6.587615283295935e-05,6.587615283291981e-05,6.587615283291981e-05,6.587615283301232e-05,6.587615283291981e-05,6.587615283292004e-05,6.587615283300383e-05,6.587615283292786e-05,6.587615283298034e-05,6.587615283303268e-05,6.587615283301244e-05,6.587615283291981e-05,6.587615283301026e-05,6.587615283291981e-05,0.5278527537932757,6.587615283291981e-05,6.587615283291981e-05,0.1754937681048051,6.587615283292015e-05,0.20201480381581363,6.587615283303013e-05,6.587615283291981e-05
1778051,0.02382608337483512,5.941770647671386e-05,5.941770647672538e-05,5.941770647681945e-05,5.941770647671386e-05,5.941770647681114e-05,5.941770647672156e-05,0.08065267062315563,5.9417706476719204e-05,5.941770647671386e-05,5.941770647671386e-05,5.9417706476797463e-05,5.941770647671386e-05,5.9417706476715925e-05,0.34558181060539633,5.941770647671386e-05,5.941770647680637e-05,0.07782147934838551,0.47063251338630874,5.941770647671386e-05,5.941770647681112e-05,5.941770647671386e-05,5.941770647681391e-05,5.941770647671386e-05,5.941770647671386e-05,5.9417706476815644e-05,5.941770647673923e-05,5.941770647681421e-05,5.941770647680977e-05,5.941770647671386e-05
1778052,2.3457658925743917e-05,2.3457658925701846e-05,2.345765892571978e-05,2.345765892574749e-05,2.3457658925701846e-05,2.3457658925701853e-05,2.3457658925708074e-05,0.26110245011719285,2.345765892570366e-05,2.345765892570275e-05,2.3457658925701846e-05,2.345765892573052e-05,2.3457658925701846e-05,2.3457658925702165e-05,0.7261390540810463,2.345765892570191e-05,2.3457658925717293e-05,2.3457658925735755e-05,2.345765892573917e-05,2.3457658925701846e-05,2.3457658925734305e-05,2.3457658925701846e-05,2.3457658925741155e-05,2.3457658925701846e-05,2.3457658925701846e-05,0.012125139010766742,2.3457658925701846e-05,2.345765892574853e-05,2.3457658925735822e-05,2.3457658925701846e-05
1778750,0.746366270265337,6.973500697358892e-06,6.9735006973599396e-06,6.973500697367502e-06,6.973500697358892e-06,6.973500697360169e-06,6.9735006973654825e-06,6.973500697369991e-06,6.973500697359264e-06,6.9735006973590095e-06,6.973500697358892e-06,0.000286232781533154,6.973500697358892e-06,6.973500697359351e-06,6.973500697368316e-06,6.973500697359044e-06,0.007392262736755303,0.013793713304888086,6.973500697370075e-06,6.973500697358892e-06,0.021210222415825254,6.973500697358892e-06,6.9735006973693645e-06,6.973500697358892e-06,6.973500697358892e-06,6.973500697369215e-06,6.9735006973590095e-06,6.9735006973693755e-06,0.21078393447892452,6.973500697358892e-06
1779352,1.143902997029282e-05,1.143902997027434e-05,1.1439029970278209e-05,1.1439029970290352e-05,1.143902997027434e-05,1.1439029970274567e-05,0.23342863253733892,0.5827741267206209,1.1439029970275324e-05,1.1439029970276437e-05,1.143902997027434e-05,1.1439029970293652e-05,1.143902997027434e-05,1.1439029970275958e-05,1.14390299702929e-05,1.143902997027495e-05,1.1439029970286639e-05,1.14390299702934e-05,1.1439029970293501e-05,1.143902997027434e-05,1.1439029970290464e-05,1.143902997027434e-05,1.1439029970290933e-05,1.143902997027434e-05,1.143902997027434e-05,1.1439029970289275e-05,1.1439029970274358e-05,1.143902997028865e-05,0.18348838693284245,1.143902997027434e-05
1783350,7.696451935698234e-06,7.6964519356856e-06,7.696451935689386e-06,7.696451935697658e-06,7.6964519356856e-06,7.696451935686901e-06,7.696451935702063e-06,7.696451935698702e-06,7.696451935686135e-06,7.696451935685966e-06,7.6964519356856e-06,0.023763252877625478,7.6964519356856e-06,7.696451935700315e-06,7.696451935697994e-06,7.696451935686823e-06,7.696451935692912e-06,0.2355283205314129,0.24336197407071905,7.6964519356856e-06,0.18266712608942692,7.6964519356856e-06,0.2837403465303485,7.6964519356856e-06,7.6964519356856e-06,7.69645193570004e-06,7.696451935685854e-06,7.696451935698505e-06,0.03075426505401012,7.6964519356856e-06
1796351,0.8105976961649468,2.5900025900187007e-05,2.590002590019555e-05,0.016813689681766764,2.5900025900187007e-05,2.5900025900188203e-05,2.5900025900192587e-05,2.5900025900232404e-05,2.5900025900191672e-05,2.5900025900187007e-05,2.5900025900187007e-05,2.5900025900217805e-05,2.5900025900187007e-05,2.5900025900189812e-05,0.006158044016132022,2.5900025900187278e-05,2.5900025900241515e-05,2.5900025900228952e-05,2.5900025900225374e-05,2.5900025900187007e-05,2.5900025900225066e-05,2.5900025900187007e-05,0.020283447113478265,2.5900025900187007e-05,2.5900025900187007e-05,0.022866549992254896,2.590002590019191e-05,0.07809736037618963,0.044587512059527046,2.5900025900187007e-05
3779550,7.55857898720842e-05,7.558578987194652e-05,7.55857898719549e-05,7.55857898720546e-05,7.558578987194652e-05,7.558578987196916e-05,7.558578987197916e-05,0.18417921079449753,7.558578987195532e-05,7.558578987194652e-05,7.558578987194652e-05,7.558578987207759e-05,7.558578987194652e-05,7.558578987235912e-05,0.00897270782245465,7.558578987194907e-05,7.558578987203279e-05,7.558578987206684e-05,0.11458376877836952,7.558578987194652e-05,0.11987529842069146,7.558578987194652e-05,0.10156630871555367,7.558578987194652e-05,7.558578987194652e-05,0.03018069691418686,7.558578987194652e-05,0.34556163503397525,0.09341748614308715,7.558578987194652e-05
3780252,5.3078556263488236e-05,5.3078556263405254e-05,5.3078556263571415e-05,5.3078556263497716e-05,5.3078556263405254e-05,5.307855626341129e-05,5.3078556263425156e-05,0.064644972860138,5.3078556263420684e-05,5.3078556263405986e-05,5.3078556263405254e-05,5.307855626347285e-05,5.3078556263405254e-05,5.307855626340774e-05,5.3078556263491916e-05,5.307855626340974e-05,5.307855626344357e-05,0.04887347684419211,0.04971948709461754,5.3078556263405254e-05,0.2432520781127511,5.3078556263405254e-05,0.5921830211817154,5.3078556263405254e-05,5.3078556263405254e-05,5.307855626348343e-05,5.3078556263405254e-05,5.307855626350061e-05,5.3078556263483174e-05,5.3078556263405254e-05
3780951,2.4050024050141187e-05,2.405002405010421e-05,2.405002405011839e-05,2.4050024050136962e-05,2.405002405010421e-05,2.4050024050106282e-05,2.405002405014796e-05,2.4050024050146343e-05,2.4050024050107688e-05,2.405002405010421e-05,2.405002405010421e-05,2.40500240501417e-05,2.405002405010421e-05,2.405002405010552e-05,0.008903109554654991,2.405002405010844e-05,2.4050024050150562e-05,0.0921009057684647,0.1219916133728843,2.405002405010421e-05,0.0400564731880232,2.405002405010421e-05,0.07256128388510175,2.405002405010421e-05,2.405002405010421e-05,0.510405771302761,2.4050024050104375e-05,0.07471261471834094,0.07873912768066654,2.405002405010421e-05
3784051,0.15779170119838315,7.390983000758575e-05,0.003060238064101134,7.390983000768833e-05,7.390983000758575e-05,7.390983000761455e-05,7.390983000759763e-05,0.2679629320138591,7.390983000758603e-05,7.390983000758575e-05,7.390983000758575e-05,7.390983000768162e-05,7.390983000758575e-05,7.390983000758595e-05,7.390983000770823e-05,7.39098300075889e-05,7.390983000764238e-05,7.390983000769728e-05,7.390983000772129e-05,7.390983000758575e-05,7.390983000770833e-05,7.390983000758575e-05,0.3344612847776003,7.390983000758575e-05,7.390983000758575e-05,7.390983000767137e-05,7.390983000758575e-05,0.2348760981958657,7.390983000768964e-05,7.390983000758575e-05
3786251,3.724394785868775e-05,3.724394785863796e-05,3.724394785865494e-05,0.5543232630939963,3.724394785863796e-05,3.724394785864359e-05,3.724394785866938e-05,0.24995273663572662,3.7243947858642285e-05,3.724394785863796e-05,3.724394785863796e-05,3.724394785867615e-05,3.724394785863796e-05,3.724394785863797e-05,3.724394785868698e-05,3.7243947858639094e-05,3.7243947858701876e-05,0.03038208331637828,0.15107783174634412,3.724394785863796e-05,3.7243947858694835e-05,3.724394785863796e-05,0.013332986511088206,3.724394785863796e-05,3.724394785863796e-05,3.7243947858704403e-05,3.724394785863796e-05,3.724394785869552e-05,3.7243947858691136e-05,3.724394785863796e-05
3786252,6.548788474157897e-05,6.548788474147913e-05,6.548788474149555e-05,0.18947058192395883,6.548788474147913e-05,6.548788474149268e-05,6.548788474189309e-05,0.45251357091501443,6.548788474148059e-05,6.548788474147913e-05,6.548788474147913e-05,6.548788474153881e-05,6.548788474147913e-05,6.548788474148052e-05,6.548788474157576e-05,6.548788474148073e-05,6.548788474155795e-05,6.548788474157998e-05,0.13114242210251437,6.548788474147913e-05,6.548788474157052e-05,6.548788474147913e-05,0.2078027665991582,6.548788474147913e-05,6.548788474147913e-05,6.54878847415446e-05,6.548788474151073e-05,0.017433461340815963,6.548788474156662e-05,6.548788474147913e-05
3789850,0.0002849002849014039,0.00028490028490112243,0.00028490028490126516,0.5549969765088931,0.00028490028490112243,0.00028490028490117035,0.0002849002849015291,0.00028490028490157145,0.00028490028490112243,0.00028490028490112774,0.00028490028490112243,0.00028490028490136106,0.00028490028490112243,0.00028490028490113273,0.4370258155138707,0.00028490028490112243,0.00028490028490173755,0.00028490028490160804,0.00028490028490151746,0.00028490028490112243,0.00028490028490151496,0.00028490028490112243,0.0002849002849016003,0.00028490028490112243,0.00028490028490112243,0.0002849002849013812,0.00028490028490112243,0.0002849002849015114,0.00028490028490144097,0.00028490028490112243
3789851,3.2268473701371264e-05,3.226847370130863e-05,3.2268473701313225e-05,0.5377185014936116,3.226847370130863e-05,3.226847370131344e-05,0.005161310280408807,0.01714112011940913,3.226847370131209e-05,3.226847370130897e-05,3.226847370130863e-05,3.22684737013486e-05,3.226847370130863e-05,3.226847370131087e-05,3.226847370136418e-05,3.226847370130896e-05,3.226847370137994e-05,0.41395529155639915,3.226847370136324e-05,3.226847370130863e-05,0.025217064707638535,3.226847370130863e-05,3.2268473701362996e-05,3.226847370130863e-05,3.226847370130863e-05,3.2268473701355116e-05,3.2268473701308996e-05,3.2268473701351755e-05,3.226847370135576e-05,3.226847370130863e-05
3789852,9.33706816064764e-05,9.337068160633462e-05,9.337068160634412e-05,0.5440511940404991,9.337068160633462e-05,9.337068160633638e-05,9.337068160650799e-05,9.337068160651104e-05,9.337068160633494e-05,9.337068160633719e-05,9.337068160633462e-05,9.337068160644729e-05,9.337068160633462e-05,9.337068160636332e-05,9.337068160650726e-05,9.337068160633566e-05,9.337068160654956e-05,0.32631265415135136,9.33706816064665e-05,9.337068160633462e-05,0.05286839460708797,9.337068160633462e-05,0.07434011947929536,9.337068160633462e-05,9.337068160633462e-05,9.337068160642534e-05,9.337068160633462e-05,9.337068160644577e-05,9.337068160646159e-05,9.337068160633462e-05
