,0,1,2,3,4,5,6,7,8,9,10,11,12,13,14,15,16,17,18,19
1719250,0.7113095319444981,0.00022727273103520984,0.00022727273801307355,0.0002272727272731635,0.09974977285891021,0.00022727275006129678,0.0002272727272731635,0.00022727273208367478,0.0002272727335217282,0.00022727273406821785,0.0002272727272731635,0.05555018524347936,0.0002272727272731635,0.00022727273162454075,0.0002272727272731635,0.12975414625168794,0.0002272727272731635,0.0002272727272731635,0.0002272727272731635,0.00022727273283114097
1719251,0.6625245616330164,0.00023255814658711046,0.00023255814589288719,0.00023255813953513868,0.00023255814412031952,0.00023255813953513868,0.00023255813953513868,0.3332893918073957,0.00023255814556574647,0.0002325581402671456,0.00023255813953513868,0.00023255814501090046,0.00023255813953513868,0.00023255814553881495,0.00023255813953513868,0.0002325581455999921,0.00023255813953513868,0.00023255813953513868,0.00023255813953513868,0.0002325581451885208
1719252,0.5240927792238215,0.0002890173457922144,0.0002890173452900971,0.00028901734104092616,0.00028901734669340963,0.0002890173412464131,0.00028901734104092616,0.23083045386187856,0.000289017347106052,0.00028901734208003463,0.00028901734104092616,0.09409351572463225,0.00028901734104092616,0.0002890173469062839,0.00028901734104092616,0.14635897369894746,0.00028901734104092616,0.00028901734104092616,0.00028901734104092616,0.00028901734727809596
1721352,7.812500138750834e-05,0.13071196386788084,7.812500132544792e-05,7.812500000025774e-05,7.812500145894443e-05,7.812500001500312e-05,7.812500000025774e-05,7.812500151025578e-05,7.81250014714588e-05,7.81250003055396e-05,7.812500000025773e-05,7.812500209469481e-05,7.812500000025774e-05,0.13237599041728113,7.812500000025774e-05,0.3734458001852805,7.812500000025774e-05,7.812500000025774e-05,7.812500009513069e-05,0.3622162455198916
1724351,0.0032324578341672776,0.018233146022882212,1.7464198884962845e-05,1.7464198393338237e-05,0.9101063132961488,1.7464198408643042e-05,1.7464198393338237e-05,0.004844254623788332,1.7464198764110542e-05,1.746419851403822e-05,1.7464198393338237e-05,0.06332186524483636,1.7464198393338237e-05,1.7464198799431572e-05,1.7464198393338237e-05,1.746419883232676e-05,1.7464198393338237e-05,1.7464198393338237e-05,1.7464198393338237e-05,1.7464198826660693e-05
1733252,0.7405168098638234,0.003798387347181392,6.165228203214254e-05,6.165228113467573e-05,0.10575758970188784,6.165228114332383e-05,6.165228113467573e-05,0.04276424712719851,6.165228232728536e-05,6.165228144237797e-05,6.165228113467573e-05,0.04211029919202925,6.165228113467573e-05,6.165228261092701e-05,6.165228113467573e-05,6.165228268192452e-05,6.165228113467573e-05,6.165228113467573e-05,6.165228113467573e-05,0.06418953482656446
1733350,0.4779327957400286,7.451564943742651e-05,7.451565080367838e-05,7.45156482863425e-05,0.4289665923809122,7.451564830076472e-05,7.45156482863425e-05,7.451565007304298e-05,0.0169316789288386,7.451564869003524e-05,7.45156482863425e-05,0.03825998037267763,7.45156482863425e-05,7.451565038779184e-05,7.45156482863425e-05,0.036791217843239,7.45156482863425e-05,7.45156482863425e-05,7.45156482863425e-05,7.451565032070625e-05
1734751,0.7042370505720438,6.105006226817166e-05,6.105006218946897e-05,6.10500610502712e-05,6.105006246784899e-05,6.105006119330328e-05,6.10500610502712e-05,0.22957377434991466,6.105006255136229e-05,0.002087950972360754,6.10500610502712e-05,0.0631244231192139,6.10500610502712e-05,6.105006217043298e-05,6.10500610502712e-05,6.105006258894711e-05,6.10500610502712e-05,6.10500610502712e-05,6.10500610502712e-05,6.10500626355075e-05
1738751,0.04991014497664635,0.0002717391356462893,0.00027173913284487503,0.0002717391304349735,0.17713024063403626,0.000271739130709493,0.0002717391304349735,0.2822075626627463,0.0002717391359857951,0.16523707050264058,0.0002717391304349735,0.1397350939676582,0.0002717391304349735,0.0002717391357696759,0.0002717391304349735,0.05383741182933309,0.0002717391304349735,0.0002717391304349735,0.0002717391304349735,0.12840986671250315
1740350,0.000515463929930411,0.0005154639241149325,0.0005154639224344672,0.0005154639175273728,0.4306870525833416,0.0005154639175273727,0.0005154639175273728,0.0005154639290155818,0.14808761544512797,0.0005154639205492841,0.0005154639175273728,0.0005154639336608917,0.0005154639175273728,0.0005154639291693902,0.0005154639175273728,0.2755051563909776,0.0005154639175273728,0.0005154639175273728,0.0005154639175273728,0.13747275283393143
1743150,5.417118224312592e-05,5.417118210589024e-05,5.417118162237666e-05,5.417118093185208e-05,0.6528026729463389,5.417118093664487e-05,5.417118093185208e-05,5.417118224627276e-05,5.417118224021595e-05,5.417118099459358e-05,5.417118093185208e-05,0.06219965581454851,5.417118093185208e-05,5.417118227056274e-05,5.417118093185208e-05,0.28407676115465647,5.417118093185208e-05,5.417118093185208e-05,5.4171180972705e-05,5.4171182301025784e-05
1744450,0.1477926139828388,0.0777326218873528,5.586592304081884e-05,5.5865921787951424e-05,0.00721795214163962,5.5865921789541305e-05,5.5865921787951424e-05,5.5865923119770994e-05,5.5865922953675524e-05,5.5865921890157116e-05,5.5865921787951424e-05,5.5865923107439746e-05,5.5865921787951424e-05,0.4143942446465849,5.5865921787951424e-05,0.2754525612737649,5.5865921787951424e-05,5.5865921787951424e-05,5.5865921803228016e-05,0.07662788315759875
1744452,8.48896455581326e-05,0.07954458109278385,8.488964470102276e-05,8.488964346371434e-05,0.23664107506714785,8.488964346371434e-05,8.488964346371434e-05,8.488964567362441e-05,8.488964600923343e-05,8.488964416274449e-05,8.488964346371434e-05,8.48896451500587e-05,8.488964346371434e-05,0.10675129472614169,8.488964346371434e-05,0.11047025567556863,8.488964346371434e-05,8.488964346371434e-05,8.488964346371434e-05,0.4653194487759295
1745951,0.008698476557495808,3.7707391245667926e-05,3.77073910897496e-05,3.7707390648676395e-05,0.8656415585467802,3.770739065729438e-05,3.7707390648676395e-05,0.0475389534545249,3.770739170271352e-05,3.7707390683202115e-05,3.7707390648676395e-05,3.7707391601795834e-05,3.7707390648676395e-05,3.7707391458398435e-05,3.7707390648676395e-05,0.041755001610321536,3.7707390648676395e-05,3.7707390648676395e-05,3.7707390648676395e-05,0.03580039896724941
1747550,0.5939692025802289,4.019292716261986e-05,4.019292650886446e-05,4.019292604511907e-05,0.3064031570558466,4.0192926077787823e-05,4.019292604511907e-05,0.020339210398750647,0.07864534314280686,4.019292630681695e-05,4.019292604511907e-05,4.019292702676515e-05,4.019292604511907e-05,4.019292683843711e-05,4.019292604511907e-05,4.0192927029316406e-05,4.019292604511907e-05,4.019292604511907e-05,4.019292606059752e-05,4.0192927040072065e-05
1749252,0.823214992942491,9.60984083122988e-06,9.609840671515208e-06,9.609840476679572e-06,0.17661202992702923,9.609840482420256e-06,9.609840476679572e-06,9.609840678141459e-06,9.609840727569257e-06,9.609840512071068e-06,9.609840476679572e-06,9.609840670931122e-06,9.609840476679572e-06,9.609840704362172e-06,9.609840476679572e-06,9.609840699600978e-06,9.609840476679572e-06,9.609840476679572e-06,9.609840491111385e-06,9.609840674116413e-06
1749550,0.06754345438061717,3.9525692742946535e-05,3.952569214105074e-05,3.952569169978892e-05,0.27950115278252546,3.952569171595962e-05,3.952569169978892e-05,0.2708078378286001,0.07306963324893818,3.952569524477996e-05,3.952569169978892e-05,0.08868566694668337,3.952569169978892e-05,3.952569274290923e-05,3.952569169978892e-05,0.06274507006841017,3.952569169978892e-05,3.952569169978892e-05,3.952569169978892e-05,0.1571333507460397
1749750,0.17175816221958035,0.03499807612435737,5.6561086923626096e-05,5.656108597299175e-05,0.27568397379266507,5.656108601232702e-05,5.656108597299175e-05,5.656108741310248e-05,5.6561087043101814e-05,5.656108602470328e-05,5.6561086003399365e-05,5.656108738447611e-05,5.656108597299175e-05,5.656108752557718e-05,5.656108597299175e-05,0.18111490505398475,5.656108597299175e-05,5.656108597299175e-05,5.656108597299175e-05,0.3355964665132714
1749751,0.08575990411681457,0.04394485008435276,3.0525030924954e-05,3.052503052513128e-05,0.19521624858761052,3.05250308113734e-05,3.052503052513128e-05,3.052503115376533e-05,3.052503106332157e-05,3.052503134613687e-05,3.0525030525131274e-05,0.05618690984826333,3.052503052513128e-05,3.052503108878529e-05,3.052503052513128e-05,0.49704202383862517,3.052503052513128e-05,3.052503052513128e-05,3.052503054011536e-05,0.12142271309372936
1749752,0.01233924260532219,3.2383420396274404e-05,3.238342043304386e-05,3.238341968924108e-05,0.19655819730898785,3.2383420230751054e-05,3.238341968924108e-05,3.2383420454679196e-05,3.238342027330261e-05,3.238341983408694e-05,3.238341968924108e-05,0.08619745930833173,3.238341968924108e-05,3.2383420386953856e-05,3.238341968924108e-05,0.3383276985796473,3.238341968924108e-05,3.238341968924108e-05,3.2383419717640246e-05,0.36609165089815965
1750150,0.05637330416838115,1.8656716841480752e-05,1.8656716676432954e-05,1.865671641802936e-05,0.08811558699438984,1.8656716435003176e-05,1.865671641802936e-05,0.027929212927986478,0.5420126337721598,1.8656716515815923e-05,1.865671641802936e-05,0.09800687273602281,1.865671641802936e-05,0.015075027392602362,1.865671641802936e-05,0.17224482469372623,1.865671641802936e-05,1.865671641802936e-05,1.8656716418029358e-05,1.865671691818744e-05
1751952,0.0001666666697717269,0.12391277993674765,0.0001666666684031319,0.00016666666666698672,0.00016666667081482022,0.00016666666732056368,0.00016666666666698672,0.00016666667004751885,0.00016666666996806648,0.00016666666696497554,0.00016666666666698672,0.0001666666694159388,0.00016666666666698672,0.12432541676168603,0.00016666666666698672,0.508291675966118,0.00016666666666698672,0.00016666666666698672,0.00016666666666698672,0.24080346064940558
1752551,0.00018518519115984605,0.08963439086840884,0.00018518518713184307,0.00018518518518610585,0.00018518518967765372,0.00018518518523937441,0.00018518518518610585,0.03607023325337354,0.00018518518825146995,0.0001851851852500603,0.00018518518518610585,0.00018518518973887043,0.00018518518518610585,0.20696576895733876,0.00018518518518610585,0.29503247684345507,0.00018518518518610585,0.00018518518518610585,0.00018518518537410692,0.36951935227929766
1754851,0.3438383757396894,2.539360149163456e-05,2.5393601431593783e-05,2.5393600812655204e-05,0.49940013183922516,2.5393600814361545e-05,2.5393600812655204e-05,2.539360146892094e-05,2.539360128534763e-05,0.0005152917887336537,2.5393600812655204e-05,2.53936013157761e-05,2.5393600812655204e-05,2.5393601291022404e-05,2.5393600812655204e-05,0.1558399030153342,2.5393600812655204e-05,2.5393600812655204e-05,2.5393600817456244e-05,2.539360141299859e-05
1757550,0.2311932554982449,7.788162166273113e-05,7.788162052478467e-05,7.788161993779765e-05,7.788162166493566e-05,7.788162004533572e-05,7.788161993779765e-05,7.788162148048147e-05,7.788162130697242e-05,7.788162011236382e-05,7.788161993779765e-05,7.7881621493303e-05,7.788161993779765e-05,7.788162136069628e-05,7.788161993779765e-05,0.6398139210313767,7.788161993779765e-05,7.788161993779765e-05,7.78816199971072e-05,0.12766883592116518
1757750,6.485084430937898e-05,0.010099944656479072,6.485084474793213e-05,6.485084306110071e-05,6.485084442142224e-05,6.485084313122017e-05,6.485084306110071e-05,0.11506686815702988,6.485084431691734e-05,6.485084311047272e-05,6.485084306110071e-05,6.48508447942179e-05,6.485084306110071e-05,0.024177301627007416,6.485084306110071e-05,6.485084460454076e-05,6.485084306110071e-05,6.485084306110071e-05,6.485084306110071e-05,0.8496182720615588
1757752,9.451796010632562e-05,0.013346073754488617,9.45179617607917e-05,9.451795841230517e-05,9.451796029675455e-05,9.45179589722769e-05,9.451795841230517e-05,0.09666101411999102,0.050541432609970134,9.451795968896266e-05,9.451795841230517e-05,9.451796066772257e-05,9.451795841230517e-05,9.451796051442508e-05,9.451795841230517e-05,0.057918211152544974,9.451795841230517e-05,9.451795841230517e-05,9.451795851691682e-05,0.780115498973595
1758052,0.00024038462002022533,0.22547838659421432,0.00024038462056492836,0.00024038461538527408,0.0002403846210775726,0.00024038461560870183,0.00024038461538527408,0.00024038462125759065,0.00024038461934570852,0.00024038461559399953,0.00024038461538527408,0.0002403846207604253,0.00024038461538527408,0.00024038462161080922,0.00024038461538527408,0.6207827514184375,0.00024038461538527408,0.00024038461538527408,0.0002403846155109995,0.14965232348830024
1760452,0.11212512912483982,0.028172135033710795,9.784735889663878e-05,9.784735812193609e-05,0.43302839519120134,9.784735822122543e-05,9.784735812193609e-05,0.29115141432609765,9.784736413032286e-05,9.784735817455374e-05,9.784735812193609e-05,9.784736127154014e-05,9.784735812193609e-05,9.784736154744082e-05,9.784735812193609e-05,9.784736068144275e-05,9.784735812193609e-05,9.784735812193609e-05,9.784735812193609e-05,0.1340552159362516
1760752,2.2603978852529384e-05,2.2603978791782427e-05,2.260397890166566e-05,2.2603978300232436e-05,0.846407835818232,2.2603978318381384e-05,2.2603978300232436e-05,2.2603978887273943e-05,0.028374685532091763,2.2603978347068012e-05,2.2603978300232436e-05,2.2603978795951415e-05,2.2603978300232436e-05,2.260397879468505e-05,2.2603978300232436e-05,0.11777891690486961,2.2603978300232436e-05,2.2603978300232436e-05,2.2603978300232436e-05,0.007076898088715327
1761250,0.01976645990310803,4.29553274133336e-05,4.295532725046904e-05,4.2955326460660315e-05,0.08819480850213418,4.2955326554958473e-05,4.2955326460660315e-05,0.016234844741728042,0.37139828534005115,4.295532872470356e-05,4.2955326460660315e-05,4.2955327470077095e-05,4.2955326460660315e-05,4.295532772444768e-05,4.2955326460660315e-05,0.5037612716086919,4.2955326460660315e-05,4.2955326460660315e-05,4.2955326480102824e-05,4.2955327444009344e-05
1761251,3.0432137111120434e-05,3.0432137083772704e-05,3.043213700332279e-05,3.04321363361336e-05,0.12718003709115483,3.043213635735848e-05,3.04321363361336e-05,3.0432137133169213e-05,0.268234229103503,3.0432136404962167e-05,3.04321363361336e-05,0.03533608392100822,3.04321363361336e-05,0.07531207865949832,3.04321363361336e-05,0.49348108917589706,3.04321363361336e-05,3.04321363361336e-05,3.043213641742361e-05,3.043213707454538e-05
1761252,0.07934152724938788,3.8138826895542733e-05,3.8138825723927e-05,3.813882532438596e-05,0.029575168792880982,3.8138825326946725e-05,3.813882532438596e-05,0.034795354877919994,0.10362950607173407,3.813882588676517e-05,3.813882532438596e-05,3.813882661776753e-05,3.813882532438596e-05,3.813882627311798e-05,3.813882532438596e-05,0.7520863606226698,3.813882532438596e-05,3.813882532438596e-05,3.813882532438596e-05,3.8138826088388246e-05
1761450,0.39642386053382855,1.1123470742090113e-05,1.1123470775141433e-05,1.1123470522838833e-05,0.545425778652258,1.1123470534113305e-05,1.1123470522838833e-05,0.02502943198733554,0.0046168706571035134,1.1123471127076789e-05,1.1123470522838833e-05,0.028337206109771255,1.1123470522838833e-05,1.1123470753095654e-05,1.1123470522838833e-05,1.112347078756752e-05,1.1123470522838833e-05,1.1123470522838833e-05,1.1123470546727822e-05,1.1123470777208593e-05
1766250,0.02156902713292467,9.276437956992732e-05,0.020852826100205068,9.27643784790563e-05,0.008642832023955877,0.003880079344635208,9.27643784790563e-05,0.6841331894604978,9.276437955480257e-05,9.27643786818047e-05,9.27643784790563e-05,9.276438077346562e-05,9.27643784790563e-05,9.276438163177708e-05,9.27643784790563e-05,9.276438101723074e-05,9.27643784790563e-05,9.27643784790563e-05,9.27643784790563e-05,0.25962334462871994
1768250,0.7359064126002248,0.00010330578721743371,0.00010330578639156542,0.00010330578512478932,0.028648144831797843,0.00010330578512934499,0.00010330578512478932,0.03019126022860633,0.007181727276243534,0.0001033057858098782,0.00010330578512478932,0.06037896449570705,0.00010330578512478932,0.00010330578701223647,0.00010330578512478932,0.13624720956716482,0.00010330578512478932,0.00010330578512478932,0.00010330578512478931,0.0001033057876968681
1768452,0.00046296297498019345,0.00046296297587442584,0.000462962972414718,0.0004629629629674729,0.045287021713001877,0.00046296296362520695,0.0004629629629674729,0.0004629629721673272,0.0004629629688647094,0.0004629629642136292,0.0004629629629674729,0.0004629629757179202,0.0004629629629674729,0.000462962973663335,0.0004629629629674729,0.8640938951650252,0.0004629629629674729,0.0004629629629674729,0.0004629629629674729,0.08274871267671184
1768850,9.505703597040524e-05,9.505703551689285e-05,9.505703529899441e-05,9.505703422074002e-05,9.505703609199581e-05,9.505703430111999e-05,9.505703422074002e-05,9.505703643240674e-05,9.50570362317137e-05,9.505703432876702e-05,9.505703422074002e-05,0.14177852426820906,9.505703422074002e-05,9.505703598942107e-05,9.505703422074002e-05,9.505703620694339e-05,9.505703422074002e-05,9.505703422074002e-05,9.505703422074002e-05,0.8565104491016564
1768851,8.833922420744973e-05,8.833922392662755e-05,8.833922379842342e-05,8.833922261496686e-05,8.833922426679828e-05,8.833922262033461e-05,8.833922261496686e-05,0.03225604290471133,8.833922394970529e-05,8.833922271281525e-05,8.833922261496686e-05,0.09717341226269191,8.833922261496686e-05,8.833922401001507e-05,8.833922261496686e-05,8.833922474978803e-05,8.833922261496686e-05,8.833922261496686e-05,8.833922261496686e-05,0.8690687780374351
1768852,5.9523810374171704e-05,5.952381063386801e-05,5.952381090059971e-05,5.9523809523930446e-05,5.952381048908973e-05,5.9523809541674025e-05,5.9523809523930446e-05,0.048380447418462855,5.9523810407687096e-05,5.952381709089973e-05,5.9523809523930446e-05,0.16113283414103938,5.9523809523930446e-05,5.952381078801676e-05,5.9523809523930446e-05,5.9523810538880235e-05,5.9523809523930446e-05,5.9523809523930446e-05,5.9523809523930446e-05,0.7894748136635414
1772950,0.08251903615631133,4.0322581288324595e-05,4.0322581310937454e-05,4.03225806453532e-05,0.02634384661822349,4.0322580931641094e-05,4.03225806453532e-05,0.514035902860457,4.0322581708479825e-05,4.032258074509764e-05,4.03225806453532e-05,0.278874044400017,4.03225806453532e-05,0.01600119497446414,4.03225806453532e-05,0.06257374975128663,4.03225806453532e-05,4.03225806453532e-05,4.03225806453532e-05,0.01912803168809317
1772951,0.21538365798206768,2.3353573420923068e-05,2.3353573466409425e-05,2.3353573096803227e-05,0.13139697987057522,2.3353573109100116e-05,2.3353573096803227e-05,0.31530381695723536,0.08841024886550236,2.3353573246263437e-05,2.3353573096803227e-05,0.2436846985992954,2.3353573096803227e-05,0.003964975602977848,2.3353573096803227e-05,0.0015520256707194648,2.3353573096803227e-05,2.3353573096803227e-05,2.3353573097910523e-05,2.3353573608031162e-05
1774752,0.09509349014701755,2.8785262338032987e-05,2.878526319100043e-05,2.8785261945989435e-05,2.87852625549755e-05,2.878526276351117e-05,2.8785261945989435e-05,0.1318628202705846,2.8785262821762424e-05,2.878526219181735e-05,2.8785261945989435e-05,0.016804625678865696,2.8785261945989435e-05,2.8785262578368137e-05,2.8785261945989435e-05,0.0032479186236956457,2.8785261945989435e-05,2.8785261945989435e-05,2.8785261976465162e-05,0.7525593663457987
1775851,0.4219778378133764,4.970179011282369e-05,4.970178981345787e-05,4.970178926464927e-05,0.5011745897168849,4.9701789282709696e-05,4.970178926464927e-05,0.07600264204469612,4.97017904903165e-05,4.970178951609238e-05,4.970178926464927e-05,4.970179048171743e-05,4.970178926464927e-05,4.970179025832622e-05,4.970178926464927e-05,4.9701790489902815e-05,4.970178926464927e-05,4.970178926464927e-05,4.970178926464927e-05,4.970179048027482e-05
1778050,0.015403821825488826,9.881423114239664e-05,9.881423114773618e-05,9.88142292497226e-05,0.2573734021871933,9.881422942417393e-05,9.88142292497226e-05,9.881423113129464e-05,0.13008607767353317,9.881422940471794e-05,9.88142292497226e-05,0.033822707303880935,9.88142292497226e-05,0.05429546210954465,9.88142292497226e-05,0.5076351296822823,9.88142292497226e-05,9.88142292497226e-05,9.88142292680578e-05,9.8814231810283e-05
1778051,0.029150740800816078,8.912656137240388e-05,8.912656093893378e-05,8.912655971512658e-05,0.33821478131423527,8.912655983406527e-05,8.912655971512658e-05,0.15901503711509854,0.0620208362001041,8.912656105027688e-05,8.912655971512658e-05,8.912656198685672e-05,8.912655971512658e-05,8.912656182101662e-05,8.912655971512658e-05,0.02037658060824251,8.912655971512658e-05,8.912655971512658e-05,8.912655971512658e-05,0.389974252116779
1778052,0.06128144348731463,3.518648899455764e-05,0.002863455312794902,3.51864883886622e-05,0.4084254083592098,3.518648845041254e-05,3.51864883886622e-05,0.1852622954089428,0.11510596963703565,3.518648865249173e-05,3.51864883886622e-05,0.10925996296556213,3.51864883886622e-05,3.518648905935657e-05,3.51864883886622e-05,0.07004406833918275,3.51864883886622e-05,3.51864883886622e-05,3.51864883886622e-05,0.04733515862769135
1778750,1.046025128615477e-05,1.0460251318440305e-05,1.0460251173319558e-05,1.0460251046050737e-05,0.2767336822710362,1.0460251047460974e-05,1.0460251046050737e-05,0.5471600113708409,1.0460251273745592e-05,1.0460251059691824e-05,1.0460251046050737e-05,0.02938177234574752,1.0460251046050737e-05,0.03855597607544406,1.0460251046050737e-05,1.0460251299142994e-05,1.0460251046050737e-05,1.0460251046050737e-05,1.0460251046706533e-05,0.10801165417010429
1779352,1.715854538514506e-05,1.715854521807385e-05,1.715854520277671e-05,1.7158544955417242e-05,0.0017889502233838998,1.715854495614899e-05,1.7158544955417242e-05,0.35860718643169254,1.715854531261234e-05,1.7158544996441328e-05,1.7158544955417242e-05,0.6393121680781674,1.7158544955417242e-05,1.7158545315746864e-05,1.7158544955417242e-05,1.7158545364545848e-05,1.7158544955417242e-05,1.7158544955417242e-05,1.7158544955417242e-05,1.715854536129799e-05
1783350,0.4481784878710047,1.1544678142235134e-05,1.1544678168516783e-05,1.1544677903530563e-05,0.29317358955427975,1.1544677912204682e-05,1.1544677903530563e-05,1.1544678172140063e-05,1.154467815086893e-05,1.154467794265867e-05,1.1544677903530563e-05,0.01106193079784266,1.1544677903530563e-05,1.1544678250443805e-05,1.1544677903530563e-05,1.154467818830778e-05,1.1544677903530563e-05,1.1544677903530563e-05,1.1544677909005134e-05,0.24740127692871164
1796351,3.8850039564330445e-05,0.08577267151214704,3.8850039185861745e-05,3.8850038850155774e-05,3.885003975626132e-05,3.885003885067959e-05,3.8850038850155774e-05,0.060288366712985125,3.88500397477573e-05,3.885003890815264e-05,3.8850038850155774e-05,0.024084045686820935,3.8850038850155774e-05,0.29704478858153993,3.8850038850155774e-05,3.8850039835659954e-05,3.8850038850155774e-05,3.8850038850155774e-05,3.885003885283124e-05,0.5322273769198542
3779550,0.14038764969331025,0.00011337868759192572,0.0001133786861994639,0.00011337868480796176,0.20468988726992746,0.00011337868481769953,0.00011337868480796176,0.00011337868777199415,0.0589871717098427,0.00011337868511669012,0.00011337868480796176,0.07482677963845707,0.00011337868480796176,0.013765776587472845,0.00011337868480796176,0.5057554335031295,0.00011337868480796176,0.00011337868480796176,0.00011337868483401045,0.00011337868787265933
3780252,0.7677910740720104,7.961783641494903e-05,7.961783541015659e-05,7.96178343950747e-05,7.961783620785026e-05,7.961783443336298e-05,7.96178343950747e-05,0.06814897776256129,7.961783634703551e-05,7.961783508590695e-05,7.96178343950747e-05,7.961783634605629e-05,7.96178343950747e-05,0.03449616669948034,7.96178343950747e-05,0.12828989610411012,7.96178343950747e-05,7.96178343950747e-05,7.96178343950747e-05,7.961783643219544e-05
3780951,3.607503698201865e-05,3.607503670658532e-05,3.6075036442078375e-05,3.607503607524537e-05,0.1979249192484873,3.607503608303165e-05,3.607503607524537e-05,3.6075036976127654e-05,0.32677367365054355,3.607503613247683e-05,3.607503607524537e-05,3.607503694288813e-05,3.607503607524537e-05,3.6075036952272794e-05,3.607503607524537e-05,0.4470713200667833,3.607503607524537e-05,3.607503607524537e-05,3.6075036084320735e-05,0.02765288645235745
3784051,0.00011086474768395162,0.044623417671053,0.00011086474936659151,0.000110864745012143,0.008736156440993462,0.00011086474503966137,0.000110864745012143,0.1644829542998348,0.00011086474710969285,0.00011086474509845245,0.000110864745012143,0.00011086474806888105,0.000110864745012143,0.00011086474774052404,0.000110864745012143,0.6599745413145643,0.000110864745012143,0.000110864745012143,0.000110864745012143,0.1205199590833493
3786251,5.586592291633002e-05,5.5865922934489374e-05,5.586592252903809e-05,5.58659217878391e-05,5.5865922859181944e-05,5.586592183585447e-05,5.58659217878391e-05,5.586592307635044e-05,5.586592310130913e-05,5.5865921853246246e-05,5.58659217878391e-05,5.586592298600037e-05,5.58659217878391e-05,5.586592320379952e-05,5.58659217878391e-05,0.34687427321709785,5.58659217878391e-05,5.58659217878391e-05,5.58659217878391e-05,0.6521201401813038
3786252,9.82318293438051e-05,0.027503728099446602,0.001733317973826755,9.823182711225332e-05,9.823182928576013e-05,0.003859541148313282,9.823182711225332e-05,9.823182958341523e-05,9.823182871654389e-05,9.823182719468437e-05,9.823182711225332e-05,0.04172042526978259,9.823182711225332e-05,9.823182920933118e-05,9.823182711225332e-05,0.521076605053127,9.823182711225332e-05,9.823182711225332e-05,9.823182711225332e-05,0.402731136865272
3789850,0.5165855617601479,0.0004273504421436709,0.00042735043479155135,0.0004273504273514242,0.00042735043488805374,0.00042735042735142417,0.0004273504273514242,0.3200490923138048,0.0004273504339079006,0.008508414134353366,0.0004273504273514242,0.14801932489413078,0.0004273504273514242,0.00042735043329640234,0.0004273504273514242,0.0004273504356650408,0.0004273504273514242,0.0004273504273514242,0.0004273504273514242,0.0004273504367078743
3789851,0.49205444960804634,4.840271126978085e-05,4.840271217726022e-05,4.840271055214134e-05,0.01832568094221786,4.8402710562850504e-05,4.840271055214134e-05,0.04978786840382296,4.8402711439362956e-05,4.840271387001451e-05,4.840271055214134e-05,0.09497097840576495,4.840271055214134e-05,4.8402711446590085e-05,4.840271055214134e-05,4.840271161821677e-05,4.840271055214134e-05,4.840271055214134e-05,4.840271055214134e-05,0.34413498197334674
3789852,0.6865540947265234,0.00014005602448424674,0.013305286017089574,0.00014005602240950703,0.00014005602550861622,0.00014005602242854402,0.00014005602240950703,0.06883433506964186,0.00014005602458266357,0.0001400560229252898,0.00014005602240950703,0.09552288492215125,0.00014005602240950703,0.0001400560249445646,0.00014005602240950703,0.00014005602531618342,0.00014005602240950703,0.00014005602240950703,0.00014005602240950703,0.13368255891512754
3789952,0.00010162601893033071,0.09677691648144422,0.00010162604052464651,0.00010162601626086703,0.03645259361394519,0.00010162601632480509,0.00010162601626086703,0.0001016260186266113,0.00010162601853276268,0.00010162601660336966,0.00010162601626086703,0.0001016260186407972,0.00010162601626086703,0.00010162601848522739,0.00010162601626086703,0.44123194294580437,0.00010162601626086703,0.00010162601626086703,0.00010162601632545219,0.4239125306619861
3791350,0.44148860873673806,0.001699512491837618,5.370569351363286e-05,5.370569280373124e-05,0.10392829698854801,5.37056928140669e-05,5.370569280373124e-05,0.38510396570324923,5.370569418875733e-05,5.37056928518716e-05,5.370569280373124e-05,5.370569420888659e-05,5.370569280373124e-05,5.370569398119497e-05,5.370569280373124e-05,0.04210324904052583,5.370569280373124e-05,5.370569280373124e-05,5.370569280373124e-05,0.02492448733511326
3791750,0.3630761727299284,0.0002840909175122847,0.00028409091185504056,0.00028409090909158107,0.08366729275878892,0.00028409090942511,0.00028409090909158107,0.0002840909160528362,0.0002840909164374791,0.00028409090930825524,0.00028409090909158107,0.00028409091461875684,0.00028409090909158107,0.0002840909143993376,0.00028409090909158107,0.1877400466547346,0.00028409090909158107,0.00028409090909158107,0.00028409090909158107,0.36097103327420627
3792351,0.700086934657164,0.0006666666920340361,0.0006666666717231679,0.0006666666666712189,0.1612266563570777,0.0006666666666712188,0.0006666666666712189,0.0006666666804931088,0.0006666666759157224,0.0006666666668617261,0.0006666666666712189,0.0006666666764576076,0.0006666666666712189,0.0006666666778352178,0.0006666666666712189,0.12735307556272515,0.0006666666666712189,0.0006666666666712189,0.0006666666666712189,0.000666666681671699
3792650,0.1776144698216005,3.508772000636768e-05,3.50877197889113e-05,3.508771929833956e-05,0.023461994996200334,3.508772035278153e-05,3.508771929833956e-05,0.06381471827414037,3.508771991322194e-05,3.5087719349226885e-05,3.508771929833956e-05,0.041395499952107236,3.508771929833956e-05,3.508772028129225e-05,3.508771929833956e-05,0.09529415152380151,3.508771929833956e-05,3.508771929833956e-05,3.508771930254481e-05,0.5979279373580674
3794552,0.8754117665499871,0.0001501501521978163,0.00015015015105364286,0.00015015015015097628,0.05785860516457696,0.00015015015018621724,0.00015015015015097628,0.06417707571334831,0.00015015015336197426,0.00015015015058750117,0.00015015015015097625,0.00015015015328719063,0.00015015015015097628,0.00015015015287169544,0.00015015015015097628,0.00015015015374651947,0.00015015015015097628,0.00015015015015097628,0.00015015015015097625,0.0001501501535871321
3794750,0.27788901799825066,8.038585381715467e-05,8.03858534616944e-05,8.038585209019933e-05,0.061203243176022014,8.038585212386634e-05,8.038585209019933e-05,8.038585389399792e-05,8.038585360818895e-05,8.03858522207044e-05,8.038585209019933e-05,8.038585366236573e-05,8.038585209019933e-05,8.038585406725687e-05,8.038585209019933e-05,0.6595411793281473,8.038585209019933e-05,8.038585209019933e-05,8.038585209019933e-05,8.038585400347182e-05
3796150,0.9981695568131254,9.63391160196178e-05,9.633911768064745e-05,9.633911368054318e-05,9.633911622528728e-05,9.633911376829063e-05,9.633911368054318e-05,9.6339116427922e-05,9.633911513757466e-05,9.633911464132757e-05,9.633911368054317e-05,9.633911564161537e-05,9.633911368054318e-05,9.633911607535846e-05,9.633911368054318e-05,9.633911956691086e-05,9.633911368054318e-05,9.633911368054318e-05,9.633911368054317e-05,9.633911624609511e-05
3799252,0.6934495086991095,0.0002702702739404773,0.00027027027220882235,0.0002702702702733906,0.0276433305397379,0.0002702702702733905,0.0002702702702733906,0.15900391690748877,0.000270270274140659,0.00027027027038149126,0.0002702702702733906,0.0002702702755051657,0.0002702702702733906,0.000270270273825539,0.0002702702702733906,0.0002702702746485176,0.0002702702702733906,0.0002702702702733906,0.0002702702702733906,0.11557891950655247
3875651,0.28926340414134266,0.00017543859908316343,0.00017543860684227178,0.0001754385964915348,0.00017543860008348487,0.00017543859654365826,0.0001754385964915348,0.0001754385997289536,0.00017543860120442634,0.00017543859692455515,0.0001754385964915348,0.00017543860082716792,0.0001754385964915348,0.00017543860054652016,0.0001754385964915348,0.4618472488225584,0.0001754385964915348,0.0001754385964915348,0.0001754385964915348,0.2459068908623824
3878550,0.45250456784858994,0.00017361111433328012,0.00017361111274049755,0.00017361111111198154,0.3370391558159241,0.00017361111124585753,0.00017361111111198154,0.00017361111559348504,0.00017361111468886222,0.0001736111122255445,0.00017361111111198154,0.1234507401518759,0.00017361111111198154,0.00017361111764339074,0.00017361111111198154,0.08422775838101969,0.00017361111111198154,0.00017361111111198154,0.00017361111111198154,0.0001736111152234415
3490150,0.001111111142298754,0.0011111111270195701,0.23858213253460797,0.0011111111111122337,0.001111111130438998,0.0011111111111122337,0.0011111111111122337,0.0011111111335738505,0.07907113291058555,0.0011111111118471597,0.0011111111111122337,0.0011111111620942132,0.0011111111111122337,0.3354013690926406,0.0011111111111122337,0.3291675875226447,0.0011111111111122337,0.0011111111111122337,0.0011111111111122337,0.0011111111322386783
3490152,0.0005102040954906244,0.0005102040899363904,0.036912262983878175,0.0005102040816332881,0.0005102040934295676,0.0005102040816332881,0.0005102040816332881,0.0005102040899214549,0.0005102040884269974,0.0005102040821676248,0.0005102040816332881,0.34172058507904657,0.0005102040816332881,0.0005102040900029544,0.0005102040816332881,0.6126936824834819,0.0005102040816332881,0.0005102040816332881,0.0005102040816332881,0.0005102040895182187
3495052,0.02112943694069543,0.04524093201569618,6.150061591634324e-05,6.15006150063639e-05,6.150061677364339e-05,6.150061515145888e-05,6.15006150063639e-05,6.15006162457447e-05,6.150061657857635e-05,6.150061510576127e-05,6.15006150063639e-05,6.150061629810918e-05,6.15006150063639e-05,6.150061661105057e-05,6.15006150063639e-05,0.2754518750175057,6.15006150063639e-05,6.15006150063639e-05,6.150061507532393e-05,0.6571937461773022
3497650,3.894081089881389e-05,3.8940810808695164e-05,3.894081055120036e-05,3.8940809968957874e-05,3.8940810911980146e-05,3.894080998008704e-05,3.8940809968957874e-05,0.0040381209783604405,3.894081076578235e-05,3.894081003373658e-05,3.8940809968957874e-05,3.8940810897967904e-05,3.8940809968957874e-05,3.8940810756347065e-05,3.8940809968957874e-05,3.894081087066541e-05,3.8940809968957874e-05,3.8940809968957874e-05,3.8940809968957874e-05,0.9952609444354126
3498051,0.1986719017579179,5.9241707200275063e-05,5.924171176498804e-05,5.9241706161326426e-05,0.4804250743894727,5.9241706203941046e-05,5.9241706161326426e-05,0.03953226393370344,5.9241707837116446e-05,5.9241706423749335e-05,5.9241706161326426e-05,0.013079212976303347,5.9241706161326426e-05,5.924170740241618e-05,5.9241706161326426e-05,5.924170772655842e-05,5.9241706161326426e-05,5.9241706161326426e-05,5.9241706161326426e-05,0.26740292133875315
3498852,0.00014534883991882994,0.00014534884002226941,0.0001453488390104002,0.00014534883720986887,0.33737028450221285,0.00014534883721488266,0.00014534883720986887,0.00014534884090897546,0.00014534883958424962,0.00014534883890971676,0.00014534883720986887,0.00014534884010255637,0.00014534883720986887,0.00014534884004470785,0.00014534883720986887,0.00014534884005663136,0.00014534883720986887,0.00014534883720986887,0.00014534883720986887,0.660013436404335
3499451,0.21405973834671885,0.0002976190531652617,0.0002976190490611955,0.00029761904762050156,0.5171264311325264,0.0002976190476205015,0.00029761904762050156,0.1309116400326669,0.00029761905219371826,0.00029761905328752847,0.00029761904762050156,0.0002976190552497092,0.00029761904762050156,0.0002976190512467341,0.00029761904762050156,0.1331402856895806,0.00029761904762050156,0.00029761904762050156,0.00029761904762050156,0.0002976190557182978
3499550,0.22386191339610576,5.154639263031427e-05,5.154639341214861e-05,5.1546391752760105e-05,5.1546392899408365e-05,5.154639192840076e-05,5.1546391752760105e-05,0.006462298578959782,5.154639332601124e-05,5.1546392649154324e-05,5.1546391752760105e-05,5.1546393138415185e-05,5.1546391752760105e-05,5.1546392957195176e-05,5.1546391752760105e-05,0.247089682900438,5.1546391752760105e-05,5.1546391752760105e-05,5.1546391752760105e-05,0.5217613628475333
3499551,0.4620583204657511,5.767012808276504e-05,5.767012901589561e-05,5.767012687473009e-05,0.05550189177889558,5.7670126926019e-05,5.767012687473009e-05,5.76701283942479e-05,5.767012818628111e-05,5.7670126954711116e-05,5.767012687473009e-05,5.767012897691932e-05,5.767012687473009e-05,5.76701279179586e-05,5.767012687473009e-05,5.7670128051504426e-05,5.767012687473009e-05,5.767012687473009e-05,5.7670126874730084e-05,0.4814593955878491
3504350,0.40174602968939577,0.000120481929794597,0.0001204819292732179,0.0001204819277139231,0.007882575422630942,0.00012048192773534654,0.0001204819277139231,0.00012048193033085084,0.03533640416748919,0.00012048192798992053,0.0001204819277139231,0.028032910969497407,0.0001204819277139231,0.00012048193015073367,0.0001204819277139231,0.5251948508228401,0.0001204819277139231,0.0001204819277139231,0.00012048192771392308,0.00012048193116047163
3504750,0.4937603421117726,0.0030721474281526816,6.663113124496177e-06,6.663113006406375e-06,0.4056851437409854,6.663113007738525e-06,6.663113006406375e-06,6.663113120580784e-06,6.663113155746066e-06,6.663113035345323e-06,6.663113006406375e-06,6.663113129134555e-06,6.663113006406375e-06,6.663113162901018e-06,6.663113006406375e-06,0.0973757569101731,6.663113006406375e-06,6.663113006406375e-06,6.6631130072345155e-06,6.663113128013127e-06
3860552,0.00012722646621320905,0.09431584349449632,0.00012722646506758717,0.00012722646310449668,0.3932672230787227,0.00012722646315360434,0.00012722646310449668,0.05909718544602471,0.00012722646560687926,0.00012722646370772646,0.00012722646310449668,0.0001272264662848794,0.00012722646310449668,0.00012722646575039632,0.00012722646310449668,0.33972750349540226,0.00012722646310449668,0.00012722646310449668,0.00012722646310449668,0.1116838475247338
941852,2.428363335700085e-05,2.4283633415453136e-05,0.0011595030971486974,2.4283632831510072e-05,0.9876751917410549,2.428363286285754e-05,2.4283632831510072e-05,0.010752483399675262,2.4283633274929875e-05,2.428363291716718e-05,2.4283632831510072e-05,2.428363341620299e-05,2.4283632831510072e-05,2.428363338886413e-05,2.4283632831510072e-05,2.4283633448056542e-05,2.4283632831510072e-05,2.4283632831510072e-05,2.4283632843548962e-05,2.4283633376302667e-05
942550,0.1535338615797048,6.821282613322891e-05,6.821282480922895e-05,6.821282401124326e-05,0.11309095245178072,0.0012489453258004303,6.821282401124326e-05,0.08461934868434876,6.821282522340318e-05,6.8212825089265e-05,6.821282401124326e-05,6.821282583797325e-05,6.821282401124326e-05,0.005753413181128737,6.821282401124326e-05,0.5265580707826941,6.821282401124326e-05,6.821282401124326e-05,6.821282401124325e-05,0.11430864127535957
942750,0.33619322318303735,7.496251981203237e-05,7.496252016026262e-05,7.496251874081466e-05,7.496252039689371e-05,7.496251877278416e-05,7.496251874081466e-05,7.496252041388522e-05,7.496251994070259e-05,7.496251885827947e-05,7.496251874081466e-05,0.008505098481462423,7.496251874081466e-05,7.496252008281807e-05,7.496251874081466e-05,0.5221041474278435,7.496251874081466e-05,7.496251874081466e-05,7.496251874081466e-05,0.13199813059929277
946550,1.2963443396147148e-05,1.2963443372765425e-05,1.2963443275981974e-05,1.2963443090566045e-05,0.21587469435894718,1.2963443746093486e-05,1.2963443090566045e-05,0.030918154440440715,0.021806986555253365,1.2963443280836003e-05,1.2963443098800323e-05,0.45588765159303396,1.2963443090566045e-05,0.0019690386521689428,1.2963443090566045e-05,0.18736803802267463,1.2963443090566045e-05,1.2963443090566045e-05,1.2963443090566043e-05,0.0860069116156764
950551,0.1944899517970814,0.020139326002978263,7.898894236189465e-05,7.89889415484496e-05,0.2298066076504761,7.898894157654535e-05,7.89889415484496e-05,7.898894327308159e-05,7.898894297122444e-05,7.898894166637233e-05,7.89889415484496e-05,7.898894386742314e-05,7.89889415484496e-05,7.898894363039498e-05,7.89889415484496e-05,0.32128409549101294,7.89889415484496e-05,7.89889415484496e-05,7.898894158896622e-05,0.2330951849266762
954951,1.8612269892312381e-06,1.8612269603073396e-06,1.8612269859893358e-06,1.861226920788747e-06,0.9999646366880658,1.8612269222126907e-06,1.861226920788747e-06,1.8612269582622914e-06,1.8612269598636612e-06,1.8612269481859811e-06,1.861226920788747e-06,1.8612269630388843e-06,1.861226920788747e-06,1.8612269610144554e-06,1.861226920788747e-06,1.8612269613241529e-06,1.861226920788747e-06,1.861226920788747e-06,1.8612269208587649e-06,1.861226958444814e-06
954952,1.623903902050634e-06,1.6239039031999975e-06,1.6239038873129595e-06,1.6239038648934748e-06,0.9999691458262286,1.6239038658481997e-06,1.6239038648934748e-06,1.6239039010436765e-06,1.6239038942473454e-06,1.6239039015599679e-06,1.6239038648934748e-06,1.6239038971481978e-06,1.6239038648934748e-06,1.623903900692802e-06,1.6239038648934748e-06,1.6239039005308332e-06,1.6239038648934748e-06,1.6239038648934748e-06,1.6239038649268805e-06,1.6239038987353982e-06
