,0,1,2,3,4,5,6
1719250,0.20631149113588793,0.0006493578122502807,0.0006493577320315838,0.7516566528888508,0.0006517741108713458,0.0006512497057535146,0.039430116614354575
1719251,0.2362310429857828,0.0006644573302378411,0.0006644572665526146,0.4599856919262648,0.0006670516913118944,0.0006649296918306369,0.3011223691080194
1719252,0.417505899895092,0.00082577429842148,0.000825774180418145,0.40510788787381374,0.0008292215131420909,0.0008262021982497066,0.1740792400408627
1721352,0.32253637626246956,0.000223218735871943,0.0002232186843188117,0.00022398553068956993,0.6763458745878252,0.00022321823940161785,0.00022410795942322235
1724351,0.0853627199845812,4.9898973912216385e-05,4.9898959307447256e-05,0.17148091769273743,0.7234369000955664,4.991667125192444e-05,0.019569747622643522
1733252,0.00017687085692172467,0.00017615280936610536,0.00017615276966296477,0.847072484281987,0.05125041220695765,0.00017616244707912182,0.10097176462802548
1733350,0.00021386733654221694,0.0002129057671294326,0.00021290572332678754,0.7009196494177908,0.29801392900076695,0.0002129053295061172,0.00021383742493763386
1734751,0.38554277452033814,0.00017443117666268756,0.00017443114851191407,0.44130052852136564,0.0001751064383877535,0.00017464768081976414,0.1724580805139142
1738751,0.05119700750191787,0.0007764097909388689,0.0007764096494061015,0.3708268011511487,0.0007799686476698763,0.0007764084089136571,0.5748669948500051
1740350,0.0014798803586960174,0.001472776995169608,0.0014727767299105618,0.25457949066400026,0.42677933330654094,0.0014727744435225495,0.31274296750215996
1743150,0.033304499207952754,0.0001547763323655019,0.00015477631470396292,0.09687256748146818,0.8692032158571801,0.0001547762088855671,0.00015538859744392597
1744450,0.25129567180093215,0.0001596186030527592,0.00015961858362369371,0.2407484368524625,0.5073167421150901,0.0001596206889102117,0.00016029135592856764
1744452,0.06090297380946373,0.00024254466027650543,0.0002425446276011874,0.023773868154442972,0.9143519576873927,0.0002426269064513791,0.00024348415437153148
1745951,0.00010816080247869091,0.00010773796702078988,0.00010774408389555056,0.12331225458704927,0.8316749898004001,0.00010817010527537757,0.04458094265388034
1747550,0.00011532580290903856,0.00011483840459398355,0.00011483838760974083,0.9021926210709783,0.05839971916776959,0.00011490022236387711,0.03894775694377542
1749252,2.756135410767799e-05,2.7456988367799258e-05,2.7456985084930734e-05,0.9998349076138896,2.7565115235649925e-05,2.7495644691434335e-05,2.7556298622909043e-05
1749550,0.06303746785346005,0.00011293255067242148,0.0001129348837367377,0.0963642123385728,0.05699695328736337,0.00011307260332836337,0.7832624264828663
1749750,0.1818138667774298,0.00016160546129041374,0.00016160543400936707,0.22998487045479143,0.3680720434615442,0.0001616054352223813,0.21964440297571228
1749751,0.11348353176146365,8.721579177210485e-05,8.721577535931604e-05,0.36040388852531896,0.525763307734751,8.721638157881337e-05,8.762402975601593e-05
1749752,0.04864721872073274,9.252593791642123e-05,9.25259166797303e-05,0.13256920122146285,0.6368437460919125,9.252572844874552e-05,0.181662256382847
1750150,0.17384594154372762,5.3306449653023584e-05,5.3306431750555196e-05,0.582003425445355,0.01871138125976041,5.351545950072135e-05,0.22527912341025264
1751952,0.16959937575299489,0.00047619591327443996,0.00047619585039431015,0.000478004536094471,0.8280156560956418,0.00047619532291096295,0.0004783765286891956
1752551,0.2793028321883089,0.0005291131693889007,0.0005291130234631885,0.0005314162270818878,0.48964754823529755,0.0005291117917729931,0.2289308653646865
1754851,7.287091740086957e-05,7.25542989248081e-05,7.255428567232158e-05,0.686140034005984,0.29546664692095703,7.255416942310511e-05,0.018102785401637858
1757550,0.09421015150747486,0.0002225209856069705,0.00022252096192359314,0.6423198548879085,0.00022352656973839943,0.00022252076246672802,0.2625789043248808
1757750,0.05123684949323221,0.00018529100089801343,0.0001852909676386149,0.0001859393589478827,0.08007674228334154,0.00018529067869321871,0.8679445962172485
1757752,0.08796024127743106,0.0002700557483468999,0.000270055697151128,0.0002709874501733179,0.08315882594418127,0.0002706985048285769,0.8277991353778877
1758052,0.5308438115033556,0.0006868234567562064,0.0006868233377968552,0.0006896176524358106,0.35197190695382446,0.0006868223006162639,0.11443419479521469
1760452,0.0002806493380688396,0.00027957062935644243,0.0002795705515215414,0.1596332139144844,0.12057066605713063,0.0002795698684797456,0.7186767596409585
1760752,6.486015771383926e-05,6.458376838651403e-05,6.460231222416384e-05,0.12360394018974498,0.8731331097906941,6.496411337203193e-05,0.003003939667864378
1761250,0.07518307726418108,0.00012273181078972488,0.00012273178407626849,0.5411624442620134,0.3831627606307936,0.00012297745003477277,0.00012327679811131103
1761251,0.20433914546980833,8.695077578574989e-05,8.695075499127241e-05,0.45021429858085765,0.34509832819113784,8.699049860911552e-05,8.733572880999944e-05
1761252,0.2999668478983976,0.00010897097637135454,0.0001089709427535331,0.4600745000790689,0.14095825337000695,0.00010935492670222369,0.09867310180669923
1761450,3.1916423583967866e-05,3.178215749990312e-05,3.179403511807267e-05,0.7654452412846566,0.12199725124201513,3.1790020974878985e-05,0.11243022483615134
1766250,0.00026630726380194093,0.00026504752385880516,0.0002650474524016459,0.00026602423469153857,0.00026624224768829574,0.00026504680234921144,0.9984062844752086
1768250,0.09824693575696024,0.0002951639604990539,0.0002951639077839244,0.8532423935576205,0.0002962675414432435,0.0002953356229906496,0.04732873965270233
1768452,0.7808608706162724,0.001322763691730187,0.0013227635501604925,0.12753377434278848,0.0013279650979291242,0.0013227627154066056,0.08630909998571251
1768850,0.0002724798387038429,0.0002715954730186652,0.0002715954273653175,0.00027254523595687254,0.00027276033667322867,0.00027159504057140904,0.9983674286477108
1768851,0.00025334062670565364,0.00025239990780313024,0.0002523998832299217,0.0002532419018853834,0.0002535323351758602,0.00025239969403570775,0.9984826856511644
1768852,0.00017060396642679598,0.0001700703195044024,0.00017007029295925357,0.00017051139011419955,0.0001708106351449715,0.0001700760214009423,0.9989778573744496
1772950,0.21591023224504333,0.00011521088029809889,0.00011521085093125012,0.10060089940321082,0.00011569323468215125,0.00011532274928268115,0.6830274306365518
1772951,0.13730286891641671,6.67258031420101e-05,6.67257880042072e-05,0.27739649753652756,0.01807428062451662,6.681580416052073e-05,0.5670260855272323
1774752,0.009269612012404898,8.2246246741346e-05,8.22462206951389e-05,0.14371537681946567,8.253157649165166e-05,8.224726964487713e-05,0.8466857398545564
1775851,0.00014256920424605,0.0001420096736160198,0.00014200962109008153,0.7930718283941528,0.011097437767939557,0.0001420505039925604,0.19526209483496285
1778050,0.10537250561033636,0.0002823338688412384,0.00028233378224801144,0.2901550026633018,0.6033420663625549,0.00028233306029418334,0.0002834246524233971
1778051,0.0002558914400973755,0.00025465171566851354,0.0002546516646983445,0.1327050939243223,0.017908413425597566,0.000254672956358491,0.8483666248732573
1778052,0.07601049696719399,0.00010053495037696546,0.00010053492604476837,0.13673483396455305,0.00010096223402730409,0.0001005368739527314,0.7868521000838511
1778750,2.9989880494149668e-05,2.9886813719848794e-05,2.9886809347969454e-05,2.9992222395973463e-05,0.9507584802253546,2.988690397782951e-05,0.049091877144709556
1779352,0.7722652976704973,4.9024808163353625e-05,4.90248037466774e-05,4.9212066709335615e-05,0.22748917469590557,4.902476535715702e-05,4.924118962044343e-05
1783350,0.00039738361588512324,3.298555679589535e-05,3.298762467980396e-05,0.5509330098120538,0.18943996727636467,3.3006380080085354e-05,0.25913065973414057
1796351,0.0912872923197522,0.00011100178096407333,0.00011100176167058029,0.00011136129973528266,0.8888657021898808,0.00011100307812559122,0.019402637569871355
3779550,0.20451596590359014,0.000323948345968041,0.00032394823910255363,0.3940524325349288,0.3245467954211194,0.00032609857149139905,0.07591081098379969
3780252,0.1046057519032826,0.00022748420906495894,0.00022748415487273485,0.7724336886751572,0.028005298665846612,0.00022752450187453198,0.09427276788990135
3780951,0.0032840403135873863,0.00010307341298572448,0.00010307339120736198,0.10686473839645111,0.8894384014948173,0.00010316458079629386,0.00010350841015490666
3784051,0.4378559897962843,0.00031676138441071917,0.00031676132720447823,0.13260114406446458,0.0986102163132362,0.00031676085333213984,0.3299823662610674
3786251,0.2241901510224652,0.00015961925453150173,0.00015961922756898346,0.00016035566855068,0.00016025407365791145,0.00015961899280253432,0.7750103817604233
3786252,0.35373998946390484,0.00028066764791087953,0.00028066758668260795,0.00028183675704003395,0.0002819381681836378,0.0002806670541998805,0.6448542333220781
3789850,0.0012271939969024498,0.001221019181394046,0.001221018976810556,0.3377707724014235,0.0012247826351630725,0.0012210171570265211,0.6561141956512799
3789851,0.00013896453898988608,0.00013829577728721672,0.00013829575053431704,0.4482570857290398,0.00013880838764388455,0.000138295704913609,0.5510502541115913
3789852,0.0004020664955508883,0.00040016673094017344,0.0004001666549381581,0.6700512221559973,0.00040160369465230415,0.00040016598357953955,0.3279446082843416
3789952,0.2779410539521508,0.00029036757140286424,0.00029036748424788835,0.027669764170784372,0.378460764873278,0.0002903667776150282,0.31505731517052105
3791350,0.11769100371625398,0.00015344875462079062,0.00015344871016372626,0.3681795655047409,0.00015408963923418736,0.0001534483191952614,0.513514995355791
3791750,0.037237932096875946,0.0008116967163457036,0.0008116966238740031,0.4521607529359724,0.10067328061906688,0.0008116957703117948,0.4074929452375533
3792351,0.001913546554932711,0.0019047961994895256,0.0019047958022002057,0.9885465260670895,0.0019128975659146474,0.0019047923291958162,0.0019126454811775877
3792650,0.028945417571431174,0.00010025182927665769,0.00010025182450573615,0.18104590907271123,0.2607551813877029,0.00010025261784144293,0.528952735696531
3794552,0.00043060699675412356,0.0004290078620760577,0.00042900777602657776,0.9374071175256382,0.0004306379844533017,0.000429122814357206,0.060444499040694454
3794750,0.23209967172058582,0.00022967944895176795,0.00022967938431499885,0.5750443894805285,0.19193617877115193,0.00022967881963385545,0.00023072237483315634
3796150,0.020397320632150343,0.00027526205463012233,0.0002752619726918722,0.9782238662573922,0.00027649314975195487,0.00027526398226077547,0.00027653195112254254
3799252,0.0007753015540329156,0.0007722233423474688,0.0007722230808083829,0.15918801495707474,0.0007745848047819607,0.0007722208000211025,0.8369454314609335
3875651,0.35592074561468207,0.0005012574863609855,0.0005012574362120411,0.4260176395183682,0.0005033767591478978,0.0005012581343899643,0.2160544650508387
3878550,0.08793383272190128,0.0004960469170096909,0.0004960467419040015,0.6973650026946998,0.2127146036278512,0.0004960901772409879,0.0004983771193931759
3490150,0.9808764448033751,0.00317461526044965,0.003174615120686596,0.0031904305504912096,0.003183580443823192,0.0032171272874470967,0.0031831865337270896
3490152,0.703934185330592,0.0014577528331583866,0.0014577525226509892,0.28876344935453946,0.00146251010742052,0.0014577498173963227,0.0014666000342422705
3495052,0.07688452885258985,0.00017571918323529124,0.0001757191471486585,0.06050642862534884,0.5703040987805985,0.0001757188368049484,0.291777786574274
3497650,0.00011177277589720148,0.0001112613234956978,0.00011126130287482218,0.00011174150769656178,0.0627010452131814,0.00011126232527844833,0.9367416555515758
3498051,0.00017006251014216328,0.00016926566808948894,0.00016926562643365176,0.28481572213792195,0.39721401546595886,0.0001693300613912287,0.3172923385300626
3498852,0.0004167495252289995,0.000415295261251215,0.0004152951132122905,0.00041680705585072974,0.5086660347492593,0.0004159060139193701,0.48925391228127807
3499451,0.0008538507496084886,0.0008503583431470774,0.0008503581357768656,0.46297454967995794,0.0008539751368754941,0.0008504102685915182,0.5327664976860427
3499550,0.08893246750791639,0.0001472781220772316,0.0001472780906423166,0.28224924286903963,0.00014791950614386734,0.00014729330513206195,0.6282285205990484
3499551,0.00016535342753076673,0.0001647751662525121,0.0001647751272910038,0.4742138130185744,0.00016543518765483792,0.0001647747856870198,0.5249610732870096
3504350,0.23361047826085274,0.0003442402085531092,0.00034424013981972123,0.7646655411930474,0.00034561997692354957,0.00034423951942570425,0.0003456407013778361
3504750,1.911102254307059e-05,1.9037634358040724e-05,1.903763243211115e-05,0.7369207442234303,0.26298393205048554,1.9038715972694234e-05,1.909872077820019e-05
3860552,0.1749702260320868,0.00036350675423374587,0.00036350672562119354,0.11462018557181189,0.6405558230088217,0.0003635064793364325,0.06876324542808805
941852,0.0013187615450827377,6.93824752820736e-05,6.938246776377748e-05,6.967883260682835e-05,0.9983337520322882,6.939070010076664e-05,6.965194687567586e-05
942550,0.2253325250791851,0.0001948979974332028,0.000194897948966576,0.3680406153813378,0.234078102678425,0.00019489753523526995,0.17196406337941716
942750,0.17597283572032751,0.0002141815698035058,0.0002141815361226812,0.5316412305213454,0.00021499399991910977,0.00021418429772431237,0.2915283923547576
946550,0.2555780888096725,3.703915645937197e-05,3.703914782192622e-05,3.7197063850811116e-05,0.003736980861547055,3.703919855680701e-05,0.7405366157620916
950551,0.06571743202298119,0.00022568656456063702,0.00022568651991557024,0.3769680681708219,0.4383915979049747,0.0002256861292852256,0.11824584268746066
954951,5.337148132281915e-06,5.317848250234083e-06,5.317854666566002e-06,0.08067975892964052,0.9192936124660293,5.318421161947124e-06,5.33733211921888e-06
954952,4.6556769467063875e-06,4.639771437304452e-06,4.639770908029842e-06,0.06393567781075253,0.9360410899199956,4.6399616726403666e-06,4.657088287248742e-06
955150,1.6073641437012653e-05,1.6010145338358194e-05,1.60102809743214e-05,0.023982419632316444,0.9759374068625809,1.6011271138429223e-05,1.6068166214696547e-05
955450,9.64045951976498e-05,9.594300798017883e-05,9.594299261696822e-05,0.00463363875419422,0.9948858313214461,9.594425740419303e-05,9.629507116061676e-05
955451,7.909233757644588e-05,7.87535513042635e-05,7.875353984000223e-05,7.911136041476378e-05,0.9995265024630239,7.875778563410716e-05,7.902896220660767e-05
955452,7.310683378775099e-05,7.281288863776524e-05,7.281287837655183e-05,0.14830173232091168,0.8513336265291569,7.28137546629276e-05,7.309479446641053e-05
956351,1.4990957805426337e-05,1.4929394664280722e-05,1.4930703798973052e-05,0.4902091000393132,0.04423052623342224,1.4931074322832958e-05,0.4655005915966731
956352,3.0893548282548144e-05,3.0788458069048056e-05,3.0788454864771565e-05,0.7877228762708105,3.089013538047275e-05,3.0788956907449875e-05,0.21212297417568513
957050,0.0004018453176824337,0.0004001765433869063,0.00040017635238793917,0.0004013507123013768,0.008775348330721017,0.0004001746834973672,0.9892209280600229
958250,9.565093493980469e-05,9.530281135034267e-05,9.53027978601769e-05,0.44327483769032405,0.556247929989861,9.53201304253197e-05,9.565564523949205e-05
958251,9.23469040421117e-05,9.198973570951752e-05,9.201784758438896e-05,0.34789795844556176,0.651641289569256,9.204832804893876e-05,9.234916979729628e-05
960052,0.00022936554956567255,0.00022820780877345591,0.00022820779136769988,0.9986277557229014,0.00022924314099814476,0.00022821867147194652,0.00022900131492175455
961950,0.0003875083549001349,0.0003850723102957902,0.00038507217569995966,0.33317082764610423,0.0003864130264555657,0.00038508095388091674,0.6649000255326634
963050,0.6748479867442606,1.7115282950319697e-05,1.7125117154196618e-05,0.17983444599212867,0.005095143121738766,1.712267446417957e-05,0.14017106106730332
964150,3.571903507208897e-05,3.5581135164310575e-05,3.558113201736369e-05,0.10310287696988227,0.8967189492570421,3.559114596786347e-05,3.5701324854036374e-05
964151,2.6934120029192565e-05,2.6832927408856084e-05,2.6832924534746778e-05,0.1127338443272201,0.8871317931262532,2.683880455124416e-05,2.6923770002690186e-05
968450,8.610655941371716e-05,8.574979601809108e-05,8.574978209177858e-05,0.025115428257208514,0.2622228335394363,8.578404546600018e-05,0.7123183480203656
968451,4.5908836410822345e-05,4.575914491550117e-05,4.5763217505288224e-05,4.5933149434001234e-05,0.19109957576435224,4.575942113224391e-05,0.8086713004662499
968452,0.008600212745390756,4.131305216230484e-05,4.131356029480658e-05,0.027989585126000825,0.4963090560977837,4.134514172625312e-05,0.46697717427664137
970150,0.16018081961546668,0.00010277773908874586,0.00010277770729994433,0.6344384553625293,0.00010322851856865612,0.00010277742172902163,0.2049691636353177
970151,0.0004583483383692429,0.00045642434710389926,0.00045642421098406006,0.7338236222171151,0.00045819553981238425,0.0004564230220331892,0.2638905623245822
971051,9.756494363547223e-05,9.718276411501575e-05,9.718275270260377e-05,0.04312650993369793,0.9563867413606421,9.7255834087359e-05,9.756241111950152e-05
971752,0.032334150888218616,3.7135197888995164e-05,3.71351919937774e-05,0.8463989363939654,0.12059666833955032,3.7136427920512384e-05,0.000558837560462464
973350,4.27912127751605e-05,4.264498375340926e-05,4.264497153146967e-05,0.0016746074120607673,0.8307358797161569,4.264486437507202e-05,0.1674187868393472
975051,0.0002281270998329425,0.000227122591993877,0.00022712258688072407,0.00022801131338200911,0.5259968523710516,0.00022713118306711295,0.4728656328537918
975651,0.00025603971204047455,0.0002551087859393572,0.0002551087079052455,0.2567243601185554,0.00025594256236850826,0.0002551131000358057,0.7419983270131553
976350,2.0183378526766748e-05,2.0109693311276394e-05,2.010968986046451e-05,0.03898295043512062,0.7973771164249541,2.0109814265214147e-05,0.16355942056396158
976352,8.22450639564668e-05,8.196141562786735e-05,8.196882070334992e-05,8.230838486258183e-05,0.7285910843090908,8.196692918461282e-05,0.2709984650765745
3335752,0.00013567743363075813,0.00013515604656899613,0.00013515601593990038,0.45620788492499614,0.3509220638918848,0.00013515575116528636,0.19232890593581412
3340951,0.00023568633118344878,0.00023496923604593328,0.00023558220579783222,0.7012030839423399,0.006828889829092194,0.00023496894402283463,0.2910268195115178
3342052,0.17631485376391182,0.00024337097262090176,0.00024337094071004108,0.543093634825409,0.18587911618029662,0.00024337066495921253,0.09398228265209253
3342651,0.00033217772768899404,0.0003306938747836156,0.0003306938052327139,0.3439906374029647,0.32120729213049354,0.00033069324541403665,0.33347781181342245
3343350,0.1469234573945571,0.0002690438317584375,0.00026904371981140623,0.44044367450592065,0.0002702792670353658,0.0002690427450176214,0.41155545853589937
3346350,0.0001909094413587839,0.00019022484810584829,0.00019022482161831195,0.6231446239760093,0.030030218818785735,0.00019022459592118676,0.34606357349820066
3348752,4.3312732161699495e-05,4.31209220429548e-05,4.3120913440942873e-05,0.8168071740789332,0.04214517757593354,4.312083825797817e-05,0.14087497293922985
3350152,0.3632862629597732,0.00011320197073520307,0.00011320193999991489,0.39851838930478334,0.09586073801112625,0.00011320243311402128,0.1419950033804682
3350851,0.00042271607896501916,0.0004201776572746348,0.0004201775469731045,0.8803753605415876,0.00042200976155177595,0.00042036933113891384,0.1175191890825089
3350852,0.05994198004184025,0.00015279127712907722,0.00015279124380234747,0.6460294643162294,0.00015351276319220287,0.00015280959964178196,0.29341665075816487
3354551,0.00023544239138413608,0.00023457978738552774,0.00023457975036326635,0.9985893373890733,0.00023573611785855547,0.0002345794289660203,0.00023574513496927327
3354552,0.006458676541795292,7.193330032780011e-05,7.193328660332898e-05,0.9047415922565836,0.04742656764387724,7.193899761505104e-05,0.041157357973197715
3355950,0.00010805255718553515,0.00010757492400239738,0.00010757490348741155,0.00011960663209547487,0.9542627411287398,0.00010757712780691784,0.045186872726682446
3358851,0.0008648286128071039,0.000860607617239498,0.0008616210676354193,0.5597321130196532,0.0008648619828965359,0.0008606050932504686,0.43595536260651774
3358852,0.0005272996832403853,0.0005252261305862101,0.0005252259446684161,0.5425468351707078,0.000527480821925727,0.0005254406007740109,0.45482249164809746
3359252,0.05064731650409228,0.0001719149046399292,0.00017195289785088024,0.9180606495929192,0.00017258559171867433,0.0001719193724560798,0.03060366113632295
3359350,0.02584256471538916,0.00026309719564595176,0.0002630970968369545,0.00026388603416497593,0.08871283267487645,0.0002630962424339481,0.8843914260406527
3360950,0.14680436741532282,7.522933800776844e-05,7.523683305945956e-05,0.6365688354561752,7.554230862611838e-05,7.530107698158046e-05,0.21632548757182696
3360952,0.00018908390183525664,0.00018822182625443775,0.00018822177954275603,0.7689064250603571,0.04698251393206753,0.00018822711378712172,0.18335730638615574
3361451,8.821259449697467e-05,8.780568303266164e-05,8.780830580188593e-05,0.13839553386373002,0.3657845138251189,8.784535080736139e-05,0.49546828037701224
3362851,0.2597485387467629,0.0011074473165107951,0.0011074469966557182,0.6015947476004985,0.13422171940757827,0.0011074442032540292,0.001112655728739786
3363952,0.09291615124364822,0.00018129338158179807,0.00018129335176398427,0.48149871531774935,0.0001819923708487901,0.00018129309021910577,0.4248592612441889
3364551,1.8699783875935914e-05,1.8613697763721876e-05,1.8614116188010742e-05,0.6165785115655,0.2571136888272952,1.8619280764810817e-05,0.1262332527286123
3366652,0.07256874944987247,0.00015053623041928266,0.00015053620925166314,0.8053987957650601,0.12142964128126137,0.00015053710543876274,0.00015120395869625146
3374751,0.00017252906500322078,0.00017170552402629672,0.00017170549889658436,0.8607540109597316,0.1383858264027731,0.00017190116496836164,0.0001723213846008952
3377452,0.03083445334001318,0.0002660338587931366,0.0002660337936646862,0.19658203377907746,0.00026723335500429107,0.0002660332218028347,0.7715181786516445
3377652,0.19351560422846664,0.0003607601225440833,0.0003607600096490371,0.4707784792546725,0.00036224486544047944,0.00036076071839788166,0.33426139080082934
3379250,0.0004795943857363447,0.0004777910414716942,0.0004777909493564668,0.8970071974555209,0.00047985917854593234,0.0004777901451558429,0.10059997684421292
3382650,0.016329490316904307,0.0001080652921344554,0.00010806524734603901,0.671233125266702,0.11362816926888533,0.00010808987135188621,0.19848499473667608
3382651,0.011507860480596602,0.0002396996980645125,0.00023969962480212666,0.7398997427108465,0.05568486542815987,0.00023970305954810567,0.19218842899798236
3385950,0.16924508915419023,0.0006968726232984227,0.0006968725247489124,0.40897225593352754,0.0006994389035641544,0.0006968741541403594,0.4189925967065304
3743250,0.29490882623572123,0.0005120422898369902,0.0005120421795414677,0.5380138274512208,0.0005140874910563902,0.0005120412469303859,0.16502713310569272
3743552,0.00020543345527165196,0.00020466961598094254,0.00020466957929401238,0.0250439958457679,0.9739308919252183,0.00020466925775337777,0.00020567032071383816
3744751,0.0006251053528606025,0.0006211218191112577,0.0006211217750998033,0.9962636681953149,0.00062385442183653,0.000621121396101233,0.0006240070396755851
3747751,0.03384081357263033,0.00029700437494589857,0.00029700432804877805,0.49350031559960295,0.08725700056948013,0.0002970039164434238,0.38451085763884857
3747752,0.0028668625142613422,0.0002361331838198774,0.0002361331180970605,0.5608267054861791,0.0002371229190242005,0.0002362219394676789,0.43536082083915073
3749051,0.00021404661638330246,0.0002129063319108353,0.00021290628005326767,0.7956287253615734,0.00021393912173170576,0.00021311146015874424,0.20330436482818875
3754450,0.0018640924796576985,0.0018553026812819793,0.0018553025062337692,0.7959760498939188,0.1947295383356636,0.0018553010125956643,0.0018644130906484559
652,0.0002231832843579165,0.0002221759215737689,0.00022217588612206537,0.32604188255236405,0.6728452885503242,0.0002221892386032876,0.00022310456665487887
4151,6.863376665674501e-05,6.832133041857789e-05,6.832131559361697e-05,0.7229629961734089,0.2155538560309477,6.832163623621521e-05,0.0612095497467383
4352,1.0903653082982883e-05,1.0867089007415619e-05,1.0867474970713518e-05,0.47089926817458244,0.5290463182412599,1.0869497541073066e-05,1.0905869555377562e-05
13850,0.0115885305851676,5.053396198280238e-05,5.053395237216889e-05,5.075932972096386e-05,0.0006546773094694188,5.053445241172451e-05,0.9875544304088753
14551,0.00010671064043951563,0.00010629407967067755,0.00010629406159077704,0.41533048790298743,0.08446493594547375,0.00010632183332704608,0.49977895553651075
37050,0.00021828791028659215,0.00021744296372749766,0.00021744291695649867,0.7920744078472493,0.0002183867607239116,0.0002174424693591308,0.20683658913169697
38051,0.029821580806261044,0.0002939488993069741,0.00029394885117369775,0.8308792311044526,0.017500750671138647,0.00029394843065004057,0.12091659123701712
39852,7.303720076812188e-05,7.273932154248973e-05,7.273930454711631e-05,0.454798616735457,0.0740296228453251,7.276488486634607e-05,0.4708804797074937
52050,0.00012180350542905213,0.00012137651034495138,0.00012137648073108093,0.00012175591449000828,0.00012186845626595169,0.00012137622249687461,0.999270442910242
76252,0.0010858570837502892,0.0010822655375639838,0.0010822653701165613,0.9934934245478029,0.0010874060209641585,0.0010822639111653467,0.0010865175286367457
78750,0.000520356595781659,0.0005176003565773878,0.0005176003335348946,0.9968883667285889,0.0005193437645847081,0.0005176001667847026,0.0005191320541478405
123050,0.0003462534382384605,0.0003450754464863183,0.00034507533196822247,0.0003463734877132405,0.2297902188441078,0.00034507433110436274,0.7684819291203817
129451,0.03970956321385232,3.310742705888118e-05,3.3107423299600836e-05,3.322004342070636e-05,0.9601246464555752,3.3108217855994084e-05,3.3247218937310855e-05
139351,0.012855270845113917,0.00010025264890561806,0.00010025262554023168,0.26877524077695225,0.00010066316268331325,0.00010025242260069759,0.717968067518204
142852,0.12459766501605189,0.00022149006221450584,0.0002214899914041819,0.3267263846633243,0.10181074608204402,0.00022157317033748267,0.44620065101462364
149852,0.04085648560851713,0.00021580065670518322,0.00021580060618800294,0.48200593799466773,0.00021662396168692724,0.0002158001654671855,0.47627355100676777
155652,0.1490754256933457,0.00015477755961155695,0.00015477752769052334,0.2952619952176474,0.5550428304461701,0.00015477974007654938,0.00015541381545821655
172150,0.43131726582935764,0.0009920859561812557,0.0009920856959164566,0.17847889908524447,0.22057406863292378,0.000992083448808504,0.1666535113515678
193751,0.05781881988285095,0.0005537134618694579,0.0005537134202479068,0.633971849717267,0.0005562614143447175,0.0005537130584153201,0.30599192904500444
200150,9.73411776726154e-05,9.691934504024076e-05,9.691932968784895e-05,0.49981906921986236,9.734825312273793e-05,9.694634453987476e-05,0.4996954563300742
244951,0.4198519450299623,0.0004777881533252364,0.0004777880946433289,0.07406344780137031,0.038771632242043004,0.0004777876053479181,0.4658796110733078
261850,0.0004732691030587124,0.00047148207212083216,0.0004714819994987578,0.997165027405229,0.00047368921863922,0.0004714836603996804,0.00047356654105379896
274250,0.035410483273003536,0.00016271192319058494,0.00016271187172636322,0.4043075754867991,0.27590766457791865,0.00016271142426765948,0.283886141443094
287650,0.00034479159838674293,0.00034341177544339337,0.0003434117154608478,0.00034500849957513896,0.0003448447426640392,0.00034353397823972114,0.9979349976902301
301951,0.0003373497400671885,0.00033613987773877,0.0003361398149434648,0.4703402286154798,0.0003376667896903131,0.0003361398928393111,0.527976335269241
321251,0.00018357655526955903,0.00018292082477052324,0.00018292076516175152,0.3564061416239257,0.2662065104676197,0.0001829202451624667,0.3766550095180904
323552,0.1604936890705543,0.0001229448615386404,0.00012294481443823926,0.46761327140634673,0.14649283532315738,0.00012294529442335344,0.22503136922954145
332550,0.00016699558161009163,0.00016630889418798713,0.00016630886471398303,0.16406312331533696,0.00016707540209849744,0.00016631178186260264,0.8351038761601899
341451,0.08145505859403471,0.00027793683614000663,0.00027797630327090777,0.3433537380988112,0.06033003526538993,0.00027794168411880666,0.5140273132182345
344352,0.055377598239816445,0.0006238381274345097,0.000623838037042349,0.24137408123223533,0.0006265139328087915,0.000623837256196208,0.7007502931744664
346750,0.0006572027242640197,0.0006553175001765398,0.0006553173900679789,0.0006575284648738419,0.0815853714925483,0.0006553164281383485,0.915133945999931
347752,0.015300736889654134,0.0075188426473095,0.00751884211835063,0.00754323166984587,0.007543589219925007,0.007518837499396383,0.9470559199555184
352352,0.1360388065710427,8.398597444152084e-05,8.459455390836721e-05,0.4571073219391893,0.05194393608857356,8.399017485422726e-05,0.35465736469799036
406352,0.00017112053043739637,0.0001704761812999431,0.00017047615561575596,0.08828188980932526,0.20975241958177934,0.0001704776857533624,0.701283140055789
407750,0.004774576091736679,0.0047619763956829025,0.004761975567018776,0.6490211211694937,0.327132086774313,0.004761968317728166,0.004786295684026713
410552,0.0009186568505483513,0.0009157869916213041,0.0009157865736412256,0.9307166373377644,0.0009195323494902106,0.0009157829259833712,0.06469781697095124
418652,0.011541925744082495,5.33656796659942e-05,5.337146806041045e-05,0.26633978225267146,0.4598109508183021,5.336845447624734e-05,0.2621472355827413
449551,0.00013804024669508453,0.00013749751583176938,0.0001374974850732771,0.6898704654812869,0.00013812202907138225,0.00013750564600975888,0.3094408715960319
450052,0.00030835401423068564,0.00030722766376575105,0.00030722757147530613,0.6533418059952809,0.06166597192828723,0.0003072267930745585,0.28376218603388553
456251,0.012039372357121157,0.00010146295301935038,0.0001014649455217195,0.27657095200190795,0.0026194421211883107,0.00010147337593512992,0.7084658322453063
466352,0.23926190367202335,0.00041169791890740675,0.00041169785102796494,0.0004134626959973886,0.11604589191061565,0.0004116972579197647,0.6430436486935084
468350,0.00023800541213981127,0.00023691518358827794,0.0002369151316596154,0.4382613563608503,0.00023803977715358964,0.00023691467789415887,0.5605518534567142
472552,5.1524731671812496e-05,5.129627381141219e-05,5.129626153251556e-05,0.6527625323593388,0.10168201521028104,5.1328563129250845e-05,0.24535000660023512
475350,6.934972246470634e-05,6.908127509734078e-05,6.908125873923543e-05,0.3492244501544769,0.051556493893468044,6.912741303930164e-05,0.5989424162827145
475852,5.606077571947358e-05,5.584842150216942e-05,5.5848411106932484e-05,5.6064820044598216e-05,0.6471872246194452,5.5867086265439066e-05,0.3525330858659162
480252,0.06315239317997413,0.0005350539852218417,0.0005350538866715535,0.0005371078770198451,0.9341680907472008,0.0005350530574684665,0.000537247266443161
489751,0.0001926772482276655,0.00019175841127801147,0.0001917583666415079,0.20785570238261727,0.026222438121203097,0.0001917603276438264,0.7651539051423886
491450,0.0001995207556503081,0.00019869238931454408,0.0001986923460884081,0.48215431613400395,0.00019960872469682297,0.0001986927888918311,0.516850476861354
497051,0.31261902578572154,1.725564479991205e-05,1.7255641532029607e-05,0.30357302847400647,0.3748974300683867,1.7257153687374165e-05,0.008858747231866056
516951,9.650608998334518e-06,9.617584859006685e-06,9.617583012188548e-06,0.8540105562557978,0.1459412823886196,9.618679219071623e-06,9.656899494082663e-06
529152,2.2794281118745096e-05,2.2701374398389327e-05,2.2701369748800176e-05,0.0489653564748954,0.9509209436506181,2.2707248266104033e-05,2.2795600954498103e-05
537251,0.24050886702975594,0.0001287025505628789,0.00012870252261494965,0.46260773145614775,0.2258935404988317,0.00012870227944821063,0.0706037536626387
543151,0.13093349991661593,2.9743806295544955e-05,2.974380061991227e-05,0.7436914860575218,0.04780257167897464,2.9745616594335022e-05,0.07748320912337767
550352,0.32307747530765407,0.0026954544572903158,0.0026954540324504476,0.0027010872126367975,0.0027027052965272716,0.00269545031820966,0.6634323733752314
555151,0.00019468270470722105,0.00019383859469558712,0.000193838564879574,0.8159752266529562,0.18305386979929245,0.00019384821069069893,0.00019469547277803164
557250,0.15366162692381574,0.00012015084249966531,0.00012016541909176863,0.7894345475197011,0.00012067820914962377,0.00012015243641357593,0.056422678649328505
568452,0.4728882243321229,0.0010427679942179413,0.0010427678197543746,0.24975955016477663,0.0010469985102185841,0.0010427662905987134,0.27317692488831086
578852,0.22227402673013325,0.00015022056506594714,0.00015022053322863695,0.49468914427724703,0.00015083305185098535,0.00015022182220389695,0.28243533302027013
580051,0.00034089740323681476,0.00033933581162590355,0.0003396439329958361,0.5483037568264411,0.22481495223411677,0.0003393444770478855,0.22552206931453578
583851,0.11992739718942037,4.967333678163331e-05,4.967332320393011e-05,0.8489640883184174,0.008341188358663425,4.9911135470138224e-05,0.022618068338043147
592350,1.2342389173116969e-05,1.2297409287203288e-05,1.2297407443908955e-05,1.2340683031959162e-05,0.9999260710617927,1.2298240039423598e-05,1.2352809231856588e-05
620752,0.1197295519022304,0.00011374167046487712,0.00011375655172353724,0.6848179186669411,0.19499675198067468,0.00011406679864738832,0.00011421242931799601
628952,0.014403037838283414,9.42347607509063e-05,9.423473975336094e-05,0.6609784276341758,0.017802050463637985,9.423676633799147e-05,0.30653377779706076
632252,0.22145436538477956,0.00023458238725812018,0.00023458232017146044,0.7569300893574535,0.0002356075044119927,0.00023460027057421606,0.02067617277535118
634650,0.2428310581254919,7.29251745010605e-05,7.29251551715926e-05,0.5996670364997198,0.019621424647668948,7.293040778940861e-05,0.13766169998965733
647151,0.2105168036010145,9.672238019187757e-05,9.672236613354099e-05,0.4834638824194569,0.1575283217326428,9.672224248964693e-05,0.1482008252580708
652651,0.0006136443165383625,0.0006105182906843185,0.0006105180859586375,0.9597926695699113,0.0006132860464235551,0.0006105163015359328,0.037148847388947887
661352,0.0922123603439095,7.111007929395378e-05,7.111006198373196e-05,7.140315289678437e-05,0.8052841492285772,7.11099115738298e-05,0.10221875722176495
669951,0.20974881058517122,0.003246769332458632,0.003246769147319721,0.0032575535080286095,0.7739941800212388,0.0032467675940622896,0.003259149811720924
680351,0.20050449251034405,0.0002630932380514799,0.0002630931850611787,0.7981777496832251,0.0002641692547035584,0.00026309300709351474,0.00026430912152120673
683250,0.00018518913757371207,0.00018433582120851416,0.00018433577471320392,0.2521026293958204,0.03446587750935485,0.0001843447108236216,0.7126932876505058
683451,0.06434379628879648,0.00020916485837657923,0.00020916481699161072,0.00020996030429443153,0.04336439022514327,0.00020916445425276528,0.8914543590521449
687351,0.0004029843795835746,0.00040130057088566225,0.0004013003801298368,0.34782433646690086,0.04555549858140161,0.0004013113546448509,0.6050132682664535
693352,0.0002443441659612366,0.00024337129976538893,0.00024337126408424596,0.9451235510773146,0.00024447383796185967,0.00024337096300753124,0.05365751739190495
703252,0.14794908090444436,0.00022604225041690228,0.00022604222185065268,0.15197718964746176,0.09092451939831127,0.00022604513459011574,0.6084710804429249
723952,0.049030071297904494,0.0004189398463098561,0.00041893980064884205,0.0004206946007982479,0.0004206240697833982,0.00041899531962847903,0.9488717350649267
730150,0.00016070881659350676,0.00015997724871309616,0.0001599925634308863,0.7761237956462784,0.00016062588052791953,0.00015998373815278354,0.2230749161063033
737852,3.8304986224677565e-05,3.8167229215259765e-05,3.81672207173403e-05,3.8318141920900624e-05,0.7096018703908865,3.816735849951515e-05,0.2902070046725359
752251,0.037043890757061576,0.00013554124761493873,0.0001355412111643967,0.19761900936268642,0.35495200913793035,0.00013554089634043871,0.4099784673872019
3001351,0.0001512269365147934,0.00015053703669256653,0.00015099340992840669,0.8784385891247963,0.12080689006917854,0.00015056429447815318,0.00015119912841123905
3002650,0.00018149022908537434,0.00018083399199615024,0.00018083396692475064,0.9578018728221791,0.00018159866158950195,0.0001808462448065637,0.04129252408341854
3002950,0.00011782882746644852,0.00011738748973185197,0.00011738745708251906,0.46772405220299035,0.00011781891718528446,0.00011738717191656623,0.531688137933627
3008652,0.4549461582266243,0.000537063393891887,0.0005370633196432503,0.0005394086874348455,0.1891832594953518,0.0005370626702783483,0.3537199842067756
3009250,0.0001621592776674554,0.00016142382383847295,0.0001614237853530897,0.11496836361730466,0.19890149606941646,0.00016142344915286548,0.6854837099772669
3010351,0.0826087854592459,0.00016234033380183686,0.00016234030288668486,0.05023994097750878,0.00016305806693888184,0.0001623664499244995,0.8665011684096934
3010952,0.2879887433351492,0.00011777331148893812,0.0001177732935265145,0.17705097698203212,0.5344886472218447,0.0001177731379763199,0.00011831271798225147
3012151,0.014563030042877165,0.00011057231987864818,0.00011057229936526901,0.4183371450358329,0.02443281560430179,0.00011062617857718403,0.542335238519167
3013050,0.07479104255376913,0.00015961902729836358,0.00015961900293864496,0.9244096789699185,0.0001602126447868038,0.00015961888303512345,0.0001602089182532125
3013051,0.00016802221596272856,0.0001672822312731656,0.0001672822058381251,0.9989939515986582,0.0001681349244123164,0.00016741091672507261,0.00016791590713014146
3013052,0.08539286432771577,0.00017768616086892168,0.00017768612442931676,0.8091929573977734,0.02548477527198594,0.00017768594838702719,0.07939634476883975
3013252,0.0012254517015785557,0.0012210344690250599,0.0012210340839079866,0.1188133882660344,0.026093719732420733,0.0012210307148822549,0.850204341032151
3014151,0.08242300409675642,0.00037994696612976965,0.0003799468762980834,0.8791393279324712,0.00038145434238510094,0.00037994609522908643,0.036916373690730364
3014252,0.0002570768320669249,0.0002560214305514599,0.00025602137209947487,0.8372914314648666,0.00025717539506375965,0.00025602137048163457,0.16142625213487025
3015452,0.0003793532684341282,0.00037793533471316195,0.00037793526138527083,0.00037985390350616483,0.00037951076149519096,0.00037793461841925896,0.9977274768520468
3018150,0.00010308642327432974,0.0001026297519586213,0.00010262972317957817,0.854801432765426,0.00010302232664369398,0.00010273768992242009,0.14468446131959534
3024750,0.037176902986704355,3.526569802712818e-05,3.5265686017898455e-05,0.8974851564331163,0.008045425912498353,3.528441363080527e-05,0.0571866988700052
3024751,0.4997029408153034,0.0003160605722827328,0.0003160605149925325,0.4987131845004866,0.0003173165251581059,0.0003169074557784221,0.00031752961599816636
3033551,0.0002771297833354414,0.0002757906068760218,0.00027579055347547047,0.8169290242852799,0.06831054481828784,0.0002757900980640698,0.11365592985468115
3037450,0.2122523154241352,0.00030331259849427717,0.00030331252266349546,0.4681380012144855,0.24506822196181477,0.00030331186826613093,0.07363152441014058
3037751,0.16807263218424123,0.00031888697934455976,0.0003188868701362852,0.20116230446248584,0.14628515274489307,0.00031889119316728335,0.4835232455657317
3038450,2.9291183337583502e-05,2.915494098733656e-05,2.9154936106915954e-05,0.9972135999393515,2.928758914209214e-05,2.915637476548304e-05,0.002640355036309029
