,0,1,2,3,4,5,6,7,8,9
S24_2013_11735526,0.00040168881049961933,0.1039039607681401,0.049294570249523474,0.14895827044633514,0.501867543668461,0.00040175328513246395,0.000401700286385476,0.0004017262503094406,0.19396709242358262,0.0004016938116305959
S24_2013_10819863,0.4383255984859187,0.00041164035694060734,0.00041164014187221375,0.22941638942592882,0.21951367065475208,0.00041163581860388594,0.00041158303767305823,0.00041161759650903154,0.00041164352507052103,0.11027458095673114
S24_2013_11445294,0.0003165453269957336,0.0003165125673555076,0.00031652047351377706,0.7910691991515959,0.0003165447639109908,0.00031651616553631006,0.0003165025848677533,0.0003165311962751351,0.2063985735444972,0.00031655422545166204
S24_2013_11532605,0.00020003896498607495,0.9230043228600117,0.00020006105361027683,0.07539524828310086,0.00020005641670343724,0.00020004682741513475,0.0002000331125850204,0.00020007577509128515,0.0002000627310160806,0.00020005397548020616
S24_2013_11584832,0.3352179177324011,0.00014330892925022072,0.33154286629388396,0.06977653344255792,0.17690623250537438,0.0001432977851595809,0.06577965884818955,0.0001432947171694696,0.020203594152268967,0.00014329559374477897
S24_2013_11947106,0.00016954077217058242,0.6960103477320477,0.014791043421561614,0.11231209814879131,0.07295108701441498,0.0001695323956471631,0.0001695329882473989,0.00016953317150094976,0.10308774909737538,0.00016953525824267842
S24_2013_11191735,0.08746061302522046,0.0003585120098953887,0.6514159030698609,0.045118861336494426,0.20725052878236463,0.0003585145394782083,0.0069615125948049045,0.00035851315817698516,0.0003585395963218646,0.0003585018873820661
S24_2013_11831038,0.4377572700635082,0.00040330420616990233,0.27121985986906405,0.0004033172654098678,0.0004033567566909919,0.2881995105832203,0.00040330324739890983,0.000403326398727549,0.0004033927089652372,0.0004033589008451168
S24_2013_11256816,0.025279007728852155,0.000181193415055859,0.00018119683453116656,0.0001812137733664889,0.8851121507986889,0.0001812121622389984,0.00018118466953783745,0.08834042342615221,0.00018120185485145013,0.0001812153367250751
S24_2013_11179684,0.0002457548194345117,0.0002457402378829372,0.00024574580814796767,0.12129947372261324,0.7682519180460267,0.00024577708286180214,0.00024572859101263696,0.10872833251385318,0.00024575224755499215,0.0002457769306121684
S24_2013_11620754,0.5592616594412425,0.0002347967444444154,0.2868785757943969,0.0753725115614627,0.00023480035693487712,0.00023479841845940608,0.00023478108515199894,0.00023480063398951314,0.00023480172912380146,0.07707847423479391
S24_2013_11947552,0.0001739624134610004,0.05128486091944191,0.04638731474004221,0.00017395411686108313,0.00017396390277413275,0.5584734129324997,0.00017395670079889324,0.34281065236318736,0.00017396969451877975,0.00017395221641495646
S24_2013_11812815,0.18073496526917157,0.01619586544416914,0.7611410573900141,0.00015223884566453562,0.00015225278495629345,0.0001522440652727865,0.03790829868059478,0.00015225440648530234,0.00015224576636480708,0.003258577347306616
S24_2013_11594670,0.1275003533992572,0.5004793831658724,0.15245392769116992,0.00043493054628510145,0.1640027930514921,0.00043487309929045494,0.053389072699088734,0.00043489145171586986,0.00043489458539054784,0.00043488031043772724
S24_2013_11742593,0.0001845487430671234,0.0001845516794968605,0.00018453992441878374,0.48273313945813306,0.00018454158487445695,0.00018455130589532594,0.37489434378937836,0.14108068390500755,0.00018455457135565232,0.00018454503837260524
S24_2013_11161117,0.00016186065211008208,0.00016187239765207533,0.0001618638551508074,0.22858612056802807,0.40366730118474575,0.14968682151725657,0.00016184930238008905,0.00016186362508244454,0.05938684167114499,0.15786360522644927
S24_2013_11180865,0.00021146320606733367,0.8354092675168484,0.00021146888780551658,0.0002114641048845713,0.16289897213750748,0.00021146891234638857,0.00021147340381073276,0.00021146976583370474,0.00021148346865359447,0.00021146859624231485
S24_2013_11832809,0.00037322844336270595,0.00037320335758607946,0.06691473699902502,0.18117249813853856,0.6376948362840562,0.0003732334089780358,0.0003731942068828234,0.0003731935246898908,0.00037324233882433526,0.11197863329805641
S24_2013_11860237,0.0002321033971860853,0.00023210292633804203,0.06020295413903614,0.3129140476222431,0.062138628489961885,0.0002320729518802814,0.0002320791541297278,0.2936388298119834,0.061434945902462706,0.20874223560477856
S24_2013_11802041,0.0003876889552574614,0.00038773262477340755,0.00038768836293452317,0.1453280042482832,0.49341259176285496,0.00038773291276050786,0.0003876809261238759,0.00038774978669416977,0.3585454544939116,0.00038767592640625637
S24_2013_1290513,0.00040167855904595914,0.0004017012148847791,0.0004017342592587692,0.27885829486913905,0.15897144020451975,0.048003587269457214,0.00040167182652008993,0.09667994014236314,0.09358152420636978,0.3222984274484413
S24_2013_11478992,0.00017578435197139477,0.0001757832973861503,0.00017578713299005362,0.00017579317901507115,0.4081398484863118,0.40040082171102925,0.00017577091129235826,0.07184360625747098,0.11856101711653766,0.0001757875559952125
S24_2013_11957122,0.0004184984981824465,0.0004184826395316464,0.000418482525191366,0.15926828242774,0.8113983810909697,0.00041853284170531894,0.0004185526897466371,0.0004185119310610129,0.026403753132749744,0.000418522223122077
S24_2013_11680305,0.035417317665430326,0.00040166981017340466,0.25230612104487804,0.4019452216234404,0.0004017246448492197,0.00040170905481859176,0.000401688202183765,0.00040170140686770757,0.1299021660243799,0.17842068052297871
S24_2013_11460698,0.0004311221032521567,0.00043115855028333887,0.00043113151641091416,0.028865432188692166,0.9676855307754398,0.00043112316656315747,0.00043108788173031124,0.00043112618470018423,0.0004311582835958037,0.00043112934933215867
S24_2013_11619166,0.0003125493620100569,0.00031256894372509036,0.00031255712823273924,0.6564245270173593,0.05621946904441361,0.0003125619766193694,0.000312540829596075,0.00031255562692558453,0.01873559642867987,0.26674507364243816
S24_2013_11828498,0.0002558689889631118,0.05400775581183193,0.0002558428873592035,0.0002558027579049347,0.8374821893407286,0.0002558285061683476,0.10671924292056165,0.0002558098028621725,0.00025582389524687904,0.000255835088373136
S24_2013_11646732,0.2995584840096222,0.0003677341956246672,0.1511849382588807,0.05896716473086915,0.0003677468405666798,0.0003677469808097088,0.0003677215853000576,0.19786514979873632,0.0003677666093208445,0.2905855469902695
S24_2013_11912726,0.0002481900473626871,0.1928220536816122,0.04581654398532699,0.00024817260623533603,0.0002482004633380209,0.5837245096780357,0.0002482070214919929,0.0002481970000648623,0.17614773821391846,0.00024818730261366793
S24_2013_11666987,0.28065399011682074,0.00031752563945615055,0.5573782571296423,0.15974498486157196,0.0003175423136258808,0.0003175500637149067,0.00031751693650216005,0.00031755172053183473,0.00031752344901113177,0.0003175577691228435
S24_2013_11590697,0.00035595551276871744,0.9765689758521541,0.00035594801878993025,0.0003559459989399291,0.0003559519651717616,0.020583457496876265,0.0003559268846318077,0.00035595215189106243,0.00035595710805769794,0.00035592901071888124
S24_2013_11183838,0.21853317236926073,0.00021281767440945725,0.779764250699542,0.00021283372902374472,0.00021283486460612852,0.00021282047458590566,0.00021279919969717617,0.0002128267499853426,0.00021282193380690837,0.00021282230508254174
S24_2013_11213182,0.000295940252702156,0.01722777296522511,0.00029594580402305054,0.000295948319814705,0.11396437809196852,0.00029592191726086453,0.00029590768994283435,0.0002959502024086456,0.00029593282058533243,0.8667363019360689
S24_2013_11842651,0.00037603452407476213,0.0003760186317778256,0.00037601701107649744,0.00037603622943273263,0.9966157529623826,0.000376010902437992,0.00037600500769309497,0.0003760523325660348,0.000376043050763621,0.0003760293477951086
S24_2013_8789495,0.0004465548442482302,0.44232652745451173,0.00044656578103416346,0.17296964889270627,0.19619452067068316,0.0004466087074956183,0.11874401914694013,0.0004465456292443733,0.0004465544032173642,0.0675324544699188
S24_2013_11488901,0.00020495875036517281,0.0002049531118958493,0.00020495393292667343,0.00020496535450060057,0.00020496756228860534,0.12853797821541402,0.00020494378303668114,0.32157039499111334,0.00020496011525042117,0.5484569241832087
S24_2013_11528434,0.00022229043694271282,0.00022227387092822273,0.6162166962407664,0.12652204114113225,0.04586638569316796,0.1982546449030226,0.00022224866852988025,0.0002222662776982597,0.00022228594459152969,0.012028866823220085
S24_2013_11778856,0.1993402592661271,0.01611290900210426,0.00032580598065602744,0.00032582262207642794,0.4182625952626184,0.36432938111502766,0.0003257773437773583,0.00032579494769586516,0.0003258293959609097,0.00032582506395590916
S24_2013_11887877,0.7656193957708833,0.00038920253255521765,0.00038922780944850694,0.00038919825626414467,0.040414267940580235,0.0003891928150985848,0.0003892105042947091,0.0003891801454435674,0.1755007350908067,0.016130389134624903
S24_2013_11902465,0.0003704511335867043,0.0003705036555745661,0.00037051615396870084,0.01755608665817769,0.0003704447802481404,0.31599639186022593,0.5631822708375711,0.01736406734130394,0.08404880044582543,0.0003704671335177426
S24_2013_11882591,0.00045883934061167765,0.00045883745996947107,0.0004587981531699947,0.00045881882114841483,0.9502992919245252,0.0004587932264966839,0.00045878322795267186,0.00045881373083599353,0.04603020416712124,0.00045881994816851333
S24_2013_11929305,0.00023817180991550927,0.00023814705765377612,0.00023815449372277005,0.00023814885472653042,0.5855933087806108,0.41250145172200037,0.0002381294487240631,0.00023814975562562373,0.00023815094306983012,0.00023818713395077707
S24_2013_11226423,0.00018835792652997438,0.00018836632004371612,0.00018838982841208601,0.23483759781380267,0.007828383520336992,0.00018838216897317908,0.6480552167722603,0.09928673144272189,0.00018836211774489353,0.00905021208917413
S24_2013_11563099,0.00027181652701687033,0.0002718197981224833,0.0002717993045108128,0.08735688296973339,0.380132408822137,0.05347816994000294,0.00027182615433750314,0.00027182243046541485,0.47740164771905236,0.0002718063346212664
S24_2013_11546506,0.00039689475101310583,0.0003969044838908733,0.00039695159168321906,0.00039697275422435544,0.587263334343364,0.0003969100276274463,0.00039688940204948907,0.00039692714600521604,0.0003969210254170295,0.4095612944747253
S24_2013_11913335,0.00021012333293293683,0.0002101421939109378,0.9926906898486753,0.00021013307417550855,0.00021014330323054125,0.0002101596531584408,0.0056281646762990425,0.00021016724717831502,0.0002101257550531514,0.0002101509153859348
S24_2013_11439371,0.04872502268493043,0.00035099561690556287,0.00035096949244016413,0.2494771514939984,0.0935189290960783,0.0003509875710993399,0.11417888466027279,0.07687722233994712,0.3961344065206016,0.020035430523726357
S24_2013_11510177,0.016689020915228434,0.000358499051848987,0.00035848951160636684,0.8650830305727595,0.0003585281573684965,0.0003585197305054326,0.0003585604347261967,0.00035855630911411083,0.11571829983326302,0.000358495483579366
S24_2013_11825951,0.19699127689352747,0.00023370559572984917,0.33526892926417534,0.00023371227233924787,0.00023373493900186897,0.0002337174991203066,0.42684717646993997,0.00023371052287498486,0.03949033905890636,0.00023369748438458149
S24_2013_11202845,0.7135282348685331,0.00020795953142269195,0.2044163337027425,0.05230947206531414,0.02849825423297776,0.0002079545269321229,0.0002079313867412504,0.00020795372286467868,0.0002079546969497444,0.00020795126552195208
S24_2013_11780806,0.06916956462652257,0.11450216964756206,0.00034492469566758455,0.44463888372147103,0.36961988490886183,0.0003449089293170408,0.0003449090610436089,0.00034491998892201124,0.0003449235938736433,0.00034491082675867007
S24_2013_11787114,0.0004116461056964684,0.00041162703176562493,0.0004116096871853162,0.00041163972779491943,0.2043446412520657,0.4265329352272352,0.00041163897519954105,0.031203721385097694,0.0004116164566237106,0.33544892415133576
S24_2013_11154896,0.00014433415555580639,0.05680494541378329,0.06480423601509415,0.039687245971024125,0.00014434589749708746,0.00014433210610402983,0.00014433012790498938,0.00014434504546577504,0.05363092467638204,0.7843509605911887
S24_2013_11415029,0.04403008535033241,0.00033119526170497876,0.14093769360338704,0.10012630811985876,0.2904235289703268,0.14909949096048747,0.0003311956063369547,0.00033121980330124144,0.15819467726113307,0.11619460506313141
S24_2013_11395792,0.024046033002016343,0.0002646220525720794,0.00026463251569221294,0.00026460267520471225,0.05137846390558418,0.00026460696091462025,0.9227232032529223,0.00026461227932978864,0.00026461249905771183,0.0002646108567059337
S24_2013_11873542,0.01724379462685599,0.913239577437472,0.00026814899394425536,0.0002681516733806521,0.035298483675707086,0.0002681455693732136,0.0002681319622862374,0.03260926294060333,0.0002681523060484354,0.000268150814328836
S24_2013_11608412,0.11136420303692825,0.750132048236983,0.05538889779806707,0.0002890905928714445,0.08138031841794596,0.00028909482300005455,0.00028905675160416274,0.000289089838259799,0.00028910198374052003,0.0002890985205996285
S24_2013_11662755,0.10930549616626405,0.00025580643996415676,0.49609388224454803,0.03842878306075296,0.00025579936571396895,0.00025581021509969194,0.20523912032101868,0.0002557988471846889,0.00025581542812514986,0.14965368791132871
S24_2013_11441983,0.00016897324358218632,0.9984794208740122,0.00016895058065825847,0.00016894326763516236,0.00016896219242275027,0.0001689509560186907,0.00016894175188486978,0.00016894729567193447,0.00016894922721488547,0.0001689606108992131
S24_2013_11866265,0.0002494303059482825,0.0002494465394267239,0.00024944800119359523,0.35475847082156925,0.5934542066503826,0.00024942219907342854,0.00024942347317540936,0.00024941738312719727,0.05004129701999221,0.0002494376061113908
S24_2013_11571767,0.00022732221212955846,0.6243277837465214,0.00022732324375634918,0.00022733376652670173,0.27713566441519,0.00022733027534900397,0.00022731285625100396,0.00022737499053015033,0.09694522744199613,0.00022732705174964872
S24_2013_4069509,0.00034490057942928524,0.00034490863124397175,0.0003449056279324631,0.0003449300278662077,0.000344924074072442,0.0003449205653178059,0.00034487740528454247,0.00034506900690927717,0.00034491777928360616,0.9968956463026605
S24_2013_11360755,0.10276867604015995,0.00028741000391352184,0.7171998707446088,0.0002873951727573923,0.0002874118869110628,0.0002874424510102712,0.17801952772345153,0.0002874249508143093,0.0002874180618263798,0.00028742296454660867
S24_2013_11286801,0.0003425397801777492,0.000342542685353305,0.0003425764474009564,0.610111749678429,0.10772289120504476,0.0003425415979958545,0.00034256520999205556,0.0003425356220974056,0.27976751089341256,0.0003425468800963627
S24_2013_11290007,0.7739324600748594,0.00913065520321403,0.0001698196078012642,0.00016981802164772893,0.00016982804479248012,0.00016981737149091648,0.00016981315913837362,0.08353079731524046,0.1323871574030767,0.00016983379873860793
S24_2013_11656335,0.00016055250000682542,0.17892042216810475,0.00016054448602523735,0.4010163528447959,0.00016054447840332752,0.41893936214375016,0.00016056730429215522,0.0001605403452180924,0.00016056196699013796,0.00016055176241331216
S24_2013_11402957,0.00015459898586068336,0.000154589347927726,0.5285622692670503,0.0001545883365423571,0.00015459237166584505,0.00015458554846221274,0.06050212143147937,0.36728443008001727,0.04272363920263177,0.00015458542836267833
S24_2013_11326255,0.00033792572461174223,0.0003379136175633231,0.18922018596104911,0.04726780246787446,0.0003379345142456395,0.19356527458946757,0.00033787996643577854,0.0003379295288073287,0.5138974379896198,0.05435971564032517
S24_2013_11015127,0.0004386715683100848,0.0004386706793921341,0.000438670530766718,0.4506445000489841,0.17723616104914536,0.00043866257515353595,0.00043865463233099645,0.0004386777933021118,0.36904866076143744,0.00043867036117749226
S24_2013_11575808,0.00027403228348006885,0.0002740274866120217,0.0002740267537692766,0.13666017012544826,0.1751862367370281,0.00027406859022316,0.0002740148405151883,0.0002740385559280658,0.6862353514530781,0.0002740331739176901
S24_2013_11737324,0.0002985563670624309,0.00029856111735165045,0.00029856010015259657,0.0002985698671852685,0.07917743844847419,0.00029856270226959707,0.0002985442727673251,0.0002985587762554072,0.00029859684819467106,0.9184340515002869
S24_2013_11297631,0.010493731243180142,0.00023207340071789605,0.00023207065680510785,0.00023206109334740385,0.8737273616076165,0.0002320667750974749,0.00023205222221597856,0.11415444510360882,0.00023206849561364308,0.00023206940179711127
S24_2013_11884807,0.16859973654860966,0.05594991497906178,0.00015202164635625214,0.026300447680257338,0.0020956578250234483,0.3514969333292448,0.00015201498034992845,0.0001520206089301192,0.3241336446697368,0.0709676077324297
S24_2013_11295877,0.0003059071289312296,0.04083738022252829,0.0003058993490359257,0.2768066251969573,0.0003059031228745972,0.34892683373101,0.1932701233686161,0.00030586356699238725,0.08568801344195034,0.05324745087110376
S24_2013_11783821,0.0001477557133183674,0.0001477590157657738,0.5312202526461883,0.00014773978860761067,0.31888283005511964,0.00014775544097109458,0.14886266205230758,0.0001477448675257229,0.00014775149513194705,0.00014774892506378397
S24_2013_8277275,0.5969397488192659,0.17419458128211643,0.00044855336345474024,0.06098701859302456,0.0004485696927300176,0.00044850928661592016,0.04672580247057532,0.0004484941432021103,0.1189102218500647,0.0004485004989501294
S24_2013_11595043,0.3120961895113386,0.00026047601973701014,0.00026046495981881933,0.11695188805781206,0.21921715565180572,0.0002604797796978819,0.000260445129150713,0.0002604679376055333,0.2607004185162892,0.08973201443674438
S24_2013_11951692,0.0002618539114433078,0.02661788071775714,0.27941248990996315,0.00026183989065001005,0.16681880160913795,0.00026184131158922823,0.5255797613505958,0.00026184599076686647,0.0002618460903384968,0.00026183921775808477
S24_2013_10547763,0.17120471993497977,0.10471458208287163,0.00017894474731382584,0.00017892063999523547,0.0001789464986691775,0.010444902146591889,0.00017894630338377316,0.7125621622374633,0.00017894287618941935,0.00017893253254209265
S24_2013_11385582,0.018828496101283506,0.4083256160960506,0.00017702714001868896,0.00017702045822174623,0.5654101772917769,0.00017704367418139777,0.00017701393268486639,0.00017702953989385013,0.0001770248441626405,0.006373550921725716
S24_2013_11563383,0.012130044448895696,0.05465569518398809,0.8118748467939897,0.09019627940769434,0.00025259313825074095,0.016245313984845224,0.00025262841294369944,0.013887406114272189,0.00025262403032984195,0.00025256848479032165
S24_2013_11406564,0.00018726938370101524,0.0001872683860758147,0.9983145430574628,0.00018728236715392354,0.0001872728449364553,0.00018727941065067383,0.00018726762439655098,0.0001872703839022847,0.00018727743481331398,0.00018726910690707802
S24_2013_11589052,0.0003610966894777329,0.4305558664110818,0.0003611131755962788,0.2976294449914944,0.15258327251474657,0.11706483236882616,0.00036107045341463793,0.00036112806566123426,0.0003610808469668552,0.0003610944827344495
S24_2013_11395528,0.4560301695838936,0.039727867910233576,0.20725376325011863,0.00022994272206312196,0.07335347302963613,0.13271677101290244,0.00022995118226275366,0.0235127894082917,0.00022995615981303072,0.06671531574078508
S24_2013_11601126,0.09534484673668787,0.00035097265027470947,0.0003509777188283152,0.03312050716196128,0.00035098261150924375,0.0003509663480685071,0.059745737353178896,0.46498783526672327,0.3450462037271688,0.0003509704255990834
S24_2013_11645688,0.09176213519927781,0.00025069340024073424,0.00025067322397458587,0.00025069150751860504,0.09701627548367799,0.07133701126724896,0.0002506935737635398,0.03735691302735436,0.00025069608769197246,0.7012742172292515
S24_2013_11867877,0.00029592239153939336,0.00029592146899028247,0.0002959176705608532,0.00029593118589369517,0.8951886277722573,0.00029592802234479565,0.0002958990588181893,0.0002959383035987671,0.10244398340595949,0.0002959307200373049
S24_2013_11212760,0.0003012747520842426,0.0003012745462415835,0.00030128423348159877,0.0003012743433536404,0.0503055213199683,0.0003012702840375333,0.00030127827957538035,0.00030127588492965163,0.0003012919734977229,0.9472842543828304
S24_2013_11933058,0.30142925532788983,0.0002890767992362067,0.00028908246504569354,0.00028909788858597155,0.32092722693235,0.3756198930198635,0.00028911723050113286,0.00028908308210400397,0.0002890833188614225,0.0002890839355622465
S24_2013_5301555,0.11236287073943768,0.6350662847909209,0.00014517966690725804,0.22638164090410978,0.00014518131946999818,0.0001451706554951748,0.00014517767523066565,0.00014516983860760955,0.025318140898451462,0.0001451835113693957
S24_2013_11280371,0.5034861674682103,0.012123570408814224,0.0002020797405353939,0.20479637225141992,0.00020207535700272327,0.00020206839747673324,0.0002020625839406528,0.21124332924568323,0.06734019466663212,0.00020207988028466697
S24_2013_11403993,0.0002415915549231405,0.00024159231272414899,0.00024162802435724067,0.11775025714677417,0.00024160188141045065,0.7272963041212194,0.012523926797534517,0.14097989343823494,0.00024159160918283432,0.00024161311363922922
S24_2013_3660437,0.00019884103664905386,0.0001988463931710241,0.00019884013171806605,0.11091905105721593,0.44855716074025576,0.00019885271676630672,0.00019882934351446145,0.43913188340021486,0.0001988496559894363,0.00019884552450515536
S24_2013_11591880,0.1615557135541228,0.013999780864110311,0.5998852718340393,0.0002748078941952016,0.15467156509336183,0.0002748121133769338,0.06851365291266598,0.0002748050107935512,0.00027478541183499053,0.00027480531149902165
S24_2013_11238598,0.00039533815874776555,0.000395364110186836,0.0003953536291314143,0.0003953421868684735,0.9964418472416463,0.00039538600090416586,0.00039530857466636043,0.00039533744391119497,0.0003953417035245073,0.00039538095041298033
S24_2013_10346803,0.00017394982127807873,0.32383323634345285,0.00017396824035285785,0.23907069989324695,0.43587834825559557,0.00017395854155094522,0.000173968840557152,0.00017396381535769349,0.00017395141012507695,0.0001739548384827809
S24_2013_11765316,0.06321874375500036,0.00024335310403779522,0.28175200472871653,0.09777795109427956,0.0002433644263796284,0.03247800209795597,0.00024338051874753762,0.0002433620004476135,0.39493534479478054,0.12886449347965448
S24_2013_11877871,0.11566782791431646,0.48041476118812104,0.12564948528435768,0.00025194575878824497,0.27675623482066947,0.0002519591625241192,0.00025194002423905605,0.00025195353473500884,0.00025194642612444716,0.00025194588612463716
S24_2013_11458191,0.7812170591575301,0.00021933418705488638,0.021976031228242657,0.00021937622288146458,0.00021934593511736082,0.00021934424640703747,0.00021936623497868815,0.00021933132572483666,0.00021937448851359795,0.1952714369735495
S24_2013_11790176,0.4319588185741913,0.00017734363164714268,0.00017734833830086223,0.00017734162658335345,0.00017735828511507672,0.015739804915860422,0.0001773335803578051,0.22106727905111942,0.0001773600246784984,0.33017001197214607
S24_2013_9950465,0.00029681065217319793,0.000296804784610121,0.00029679747905638127,0.871496536412098,0.00029682231092558256,0.0002968228865402491,0.00029677472289066115,0.12612903342476128,0.00029679504035567164,0.00029680228658901276
S24_2013_11668823,0.0002545165688765822,0.0002545157964151668,0.6813286489543874,0.0002545227946096645,0.0881695151320785,0.00025450204245546887,0.10505186127153707,0.12392287064751616,0.0002545230822751186,0.00025452370984896665
S24_2013_11175921,0.2615331858381042,0.0002392899241244198,0.00023928200470890233,0.0002393251779850931,0.7244071690337267,0.000239284010918525,0.00023926325160343432,0.00888330619434106,0.0037406134231076087,0.0002392811413800806
S24_2013_11505971,0.0003572520179491336,0.12387484001075551,0.00035724899743625366,0.0003572919045326808,0.19440951379796187,0.33064484281992396,0.00035722270546593337,0.0003572414169662866,0.00035723589078095385,0.34892731043822733
S24_2013_11775615,0.05239686677755669,0.00017098977790277198,0.00017099342866422416,0.00017099125642108302,0.454001861821231,0.4744121247710558,0.0001709705373081413,0.018163237603759312,0.00017097831101336772,0.00017098571508764724
S24_2013_11188402,0.13280403252513895,0.00032265970093500366,0.4566448077141762,0.11519840302730591,0.085432405269334,0.00032267110966202394,0.000322627563563244,0.00032267427147819844,0.00032267503902297883,0.20830704377938364
S24_2013_6913970,0.00014951335514147614,0.6557340660293074,0.00014950677873070775,0.33781750497448304,0.00014951419175754268,0.00014950805780817127,0.00014950262441746303,0.00014951024689936225,0.005401866041652119,0.00014950769980285545
S24_2013_11491756,0.00015271576861543076,0.0001527002469334375,0.5513689780755872,0.00015270843171369814,0.03371147295326144,0.00015271292043306768,0.00015270363678647643,0.00015271239630731747,0.2755003477064983,0.13850294786386372
S24_2013_11721294,0.00028661270775990065,0.00028659006889013636,0.0002866032850495226,0.00028660856191118294,0.00028661945092281076,0.00028660588293150276,0.8117425309979647,0.0002865953241254735,0.18596462194289726,0.0002866117775473717
S24_2013_11205829,0.15465175668054743,0.0026984571387528443,0.3989310758002487,0.0001484008815346714,0.104659681293747,0.00014842060504632385,0.2738865934638459,0.00014841632767714416,0.06457879118130852,0.00014840662729150662
S24_2013_11897211,0.0002866020129034495,0.054449126159925705,0.490672423082931,0.0002866140913325785,0.3026924047209115,0.0002866336978386479,0.00028660542567949295,0.15046640476717113,0.00028659161401596697,0.00028659442729048954
S24_2013_11444480,0.00025910904471497173,0.000259114889778314,0.0002591089227982647,0.0002591338507031498,0.9976679517220493,0.00025911899575769046,0.00025909670341373633,0.0002591187873508376,0.00025912329398848096,0.0002591237894452788
S24_2013_11271689,0.014017218081598158,0.00037605595314665874,0.00037601897965234264,0.09541973124532545,0.06822043129022662,0.6916935016555783,0.00037601438572492393,0.12876896552147243,0.00037603174399835254,0.00037603114327677416
S24_2013_11463516,0.0004465423184727947,0.7885081750132619,0.0004465472791176881,0.03868927742937646,0.16967686354013695,0.0004465326393627179,0.0004464863884452184,0.0004465339044280237,0.0004465328912395991,0.0004465085961588628
S24_2013_11773321,0.7693224073096104,0.0003584743355789367,0.0003584828104204882,0.0003585060702529608,0.22780967746608802,0.00035853692492940657,0.0003584584632343429,0.0003584851134800733,0.00035848310394672475,0.0003584884024586371
S24_2013_11889082,0.00029506062350495154,0.049399777216893495,0.3507021682825887,0.00029507628392113386,0.0002950817788450936,0.0002950668445036461,0.09266687816249446,0.13576866777458826,0.3699871479212628,0.0002950751113975287
S24_2013_10810752,0.0733895651986234,0.027619187482593767,0.00026395762003082583,0.4202851783205173,0.0002639036881940899,0.3664344717744973,0.0002639372865785765,0.00026389482681075276,0.11095199113054717,0.00026391267160701207
S24_2013_11857112,0.0002695962087084502,0.00026958646855025506,0.00026959417666717856,0.4159184270542548,0.18283662079464122,0.39935779674074584,0.00026957004528334555,0.0002696235183511339,0.00026959093400631895,0.00026959405879138073
S24_2013_11666865,0.11211400949943462,0.0003257949477842656,0.00032580354016760834,0.26334293490987426,0.23723523742357713,0.00032581738814688654,0.00032582871343266197,0.00032580709364517663,0.38535295365896866,0.0003258128249687139
S24_2013_11307501,0.9412990486476109,0.03525207295736667,0.0003290336048718081,0.0003289896822793006,0.0003290293711038988,0.0003290247117803736,0.00032904069340257755,0.00032903812119341867,0.021145713871601763,0.00032900833878930807
S24_2013_11560192,0.00042563121918621615,0.6047824272031468,0.00042561437762695336,0.0004256266186042018,0.3918125870437656,0.00042563171982509893,0.0004255948295052543,0.0004256339777875626,0.00042564309572553196,0.000425609914826784
S24_2013_11820814,0.00034139610150354493,0.0003413845011717108,0.0003413763784370635,0.0003413982186130218,0.16053532283895125,0.5169881767759326,0.2277213480136446,0.0003413772689416637,0.00034137969695686245,0.09270684020584785
S24_2013_11207335,0.0002037187606414787,0.039330765629912494,0.02992739652664939,0.00020372103590328024,0.46748692120221363,0.46203260801018997,0.00020369856739515095,0.00020372114450954625,0.0002037139574281325,0.00020373516515689947
S24_2013_11637457,0.00032367807130464084,0.00032366392175165544,0.00032367113002963505,0.00032370393476837534,0.00032369662428801375,0.00032370613038985846,0.0003236510147894111,0.4711664460049304,0.00032368133907009484,0.5262441018286779
S24_2013_11455517,0.0004256616530539708,0.00042560581602978716,0.0004256011583923045,0.00042562039347471487,0.9024853629052682,0.00042560896792849577,0.0004255791592349298,0.09410969082744425,0.0004256329267357178,0.00042563619243773444
S24_2013_11605815,0.00025579852380647417,0.00025581159463013717,0.000255806910516066,0.0002558180418563148,0.9976976835170189,0.0002558207885725632,0.0002558058848545742,0.0002558074322131426,0.00025581535231072156,0.0002558319542210835
S24_2013_11250767,0.02741701799423659,0.00015201210532684133,0.27915158132804374,0.03468487824495717,0.27747111084178866,0.0001520062886043501,0.04666315599121778,0.00015203106696518444,0.3062976135193085,0.027858592619551082
S24_2013_11289296,0.25830848836171494,0.0002114554484753953,0.1429373452779857,0.2244428976141705,0.07657312825118273,0.00021147590616144615,0.00021144609328777365,0.15392733139267342,0.011012390854751683,0.13216404079959648
S24_2013_11528182,0.12830279571121767,0.00014996839926345696,0.676758037160703,0.10625511338867748,0.0001499693099864071,0.0001499581667153786,0.02346785164224052,0.009769665190187383,0.054846670252749495,0.0001499707782590391
S24_2013_10974992,0.04924855630817962,0.011880087973346193,0.041073863521804456,0.00018219868237081044,0.4719341990928451,0.3311621353268962,0.00018218636182444696,0.05615078481735401,0.038003784693600336,0.00018220322177883312
S24_2013_11277316,0.0003690788261472257,0.0003690758641557142,0.0003690626225215071,0.06291847463392192,0.00036909694324755853,0.00036907441103173,0.025567973612297092,0.00036907017721523645,0.0003690889011824807,0.9089300040082796
S24_2013_11527325,0.0004426198438054257,0.16118316782150593,0.3434825717736879,0.0004425887046307033,0.2948171239362387,0.0004425717233172792,0.02516223554594292,0.0004425834233975805,0.1731419693857979,0.00044256784167571246
S24_2013_5158936,0.0001631627961668994,0.0040976277652164305,0.00016316648004819357,0.00016316349622455276,0.9649244275492986,0.00016316146577906876,0.0001631630432496776,0.00016317030741770736,0.02983579375025142,0.0001631633463472488
S24_2013_11478604,0.00022943229516052464,0.03269791809505745,0.23451292656077477,0.17758282161912484,0.5538298286942283,0.0002294458697472906,0.00022939762134556975,0.00022939729179728775,0.0002294216520096533,0.00022941030075439574
S24_2013_11276418,0.00040828841162676585,0.0004082552607554575,0.0004082705135665981,0.2809547284766095,0.6288763255282035,0.0004082664641409483,0.029922138090573817,0.05779719477537214,0.00040828111679043526,0.000408251362360811
S24_2013_906417,0.0001916067429129217,0.00019160844377707578,0.0001916063912692033,0.0486606533402435,0.6594221741034101,0.00019162057255345727,0.00019159211207074868,0.29057591458964543,0.0001916100530969412,0.00019161365102039982
S24_2013_11656770,0.21913755862343948,0.0003021509722906918,0.0003022300199176165,0.35507557088472713,0.00030215734655423816,0.000302161476625568,0.4236716678378395,0.0003021757929049774,0.00030215881134475133,0.00030216823435614474
S24_2013_11234596,0.00032688095594136793,0.00032687909077240313,0.0003268862053071758,0.6926566882718873,0.1262015281901671,0.10474000489337737,0.02427545073116932,0.05049193656953025,0.00032687663121809893,0.0003268684606295786
S24_2013_11675703,0.15719073036468753,0.0003847159579839859,0.5826348861880483,0.0003846912365006167,0.00038472494798745104,0.2574814519615256,0.00038470517808392965,0.00038470411361196216,0.00038469049055751706,0.0003846995610131548
S24_2013_11881112,0.00040495995740263,0.00040494706742621046,0.11697261884563002,0.13424290103687345,0.3666887470691836,0.0004049316770969913,0.00040492768923536173,0.0004049571242019855,0.15208577449539884,0.22798523503755083
S24_2013_11172261,0.00033789971121081616,0.03567147621246086,0.0003379342525490765,0.0003379028667315672,0.7262502676484044,0.00033793799041221065,0.0003379299789386065,0.0003379109249829884,0.2357128318845619,0.00033790852974752996
S24_2013_11878591,0.0002538541222415818,0.0002538468521488018,0.0002538495069308077,0.4186420427528783,0.00025386175991970656,0.4529619025963438,0.0002538411028507054,0.0002538614978759485,0.05938289608487649,0.06749004372393383
S24_2013_11604047,0.00028576500955238243,0.6920105300509529,0.28506443520262603,0.0002857890045020567,0.0002858029891489516,0.020924443221733917,0.0002857871622557924,0.0002857707658737066,0.0002857903248313644,0.00028588626852294743
S24_2013_11229768,0.00028496729322461127,0.000284970445033494,0.00028495768634451975,0.1077215822117958,0.7293026769717482,0.00028495865537292567,0.007998794192190304,0.000284957930484277,0.15326715007305902,0.0002849845407468981
S24_2013_11500618,0.00035097685811407174,0.00035095168442014015,0.00035095710539992587,0.0003509465668765698,0.6431158865819261,0.0003509658291129565,0.08773747190390657,0.0003509708870280549,0.2666899136620239,0.00035095892119158174
S24_2013_3988406,0.0004000508436086402,0.0004000749725557523,0.00040006143120981005,0.7575788435901448,0.14095214086052857,0.000400071563171364,0.00040015237248970713,0.00040008090824374636,0.09866846143627592,0.00040006202177171444
S24_2013_11747348,0.0003425309224551298,0.9969173017598721,0.0003425215974743208,0.0003425101557252247,0.00034255882490917777,0.00034252042751760066,0.0003425022041419604,0.0003425159062025111,0.00034252112546929086,0.0003425170762329186
S24_2013_11401195,0.00020289623058542268,0.00020291308057844465,0.17940696293915603,0.00020288941179582375,0.00020289747766785889,0.019410471394569737,0.2386577137754829,0.20281964862736535,0.35869071195228064,0.00020289511051775188
S24_2013_11433149,0.0004133224949303831,0.0004133044443947233,0.00041332781960233355,0.0004133337390097082,0.19994522370033926,0.00041332341220170723,0.0004132827853350965,0.00041331280143372975,0.0004133051551831524,0.7967482636475699
S24_2013_10760262,0.2911431525184411,0.0001712628640019655,0.0001712918135384551,0.13781823933712786,0.048830382821692,0.00017127919958335146,0.0001712557686872151,0.015752842170753567,0.07268400917096003,0.4330862843352144
S24_2013_11660227,0.00021931796481809547,0.00021931936354814305,0.00021933276274752915,0.00021933348759145158,0.0002193331840954418,0.00021932148721892864,0.9980260670693933,0.0002193232103633148,0.00021932512919651005,0.00021932634102706555
S24_2013_11523652,0.00017548089577960703,0.09353974753529169,0.016443528818637032,0.18981262272468183,0.0001754904376021222,0.04130263293623521,0.0001754757130657923,0.23780788522605753,0.4203916580931786,0.00017547761947064804
S24_2013_11252323,0.00022680662363842616,0.13123365232026574,0.35838089334093315,0.045494636630361115,0.34647218173143157,0.013166130572246203,0.00022680030779032736,0.00022683579210703772,0.10434525675674156,0.00022680592448482141
S24_2013_11305676,0.07142908334027023,0.00034610859699257064,0.26297972657503554,0.0003461328887321272,0.0003461077719808713,0.000346085006861931,0.10561626705179018,0.00034609905386742955,0.5028673511217489,0.05537703859272032
S24_2013_11702096,0.5086306124479195,0.000203716163530024,0.34852360440417285,0.027414192194441717,0.10851364068462008,0.00020379013616904094,0.005899255721518562,0.0002037324803340534,0.00020373150046866395,0.00020372426682548642
S24_2013_11803652,0.06121817078742928,0.00038031167570397014,0.0003803431420632133,0.3267223734334849,0.015704425076596456,0.00038031134172131605,0.00038036232026621175,0.020362239704498734,0.5740911651192262,0.00038029739900967175
S24_2013_11196353,0.10813701154343741,0.07907517399632898,0.014928928765114865,0.23069418193469873,0.20517961906777063,0.0001884041657569274,0.20463967954707224,0.00018837648272781055,0.15678025874124385,0.0001883657558485231
S24_2013_11391310,0.07486800101933806,0.0002320890781369346,0.00023210081272357442,0.0002320732613132725,0.37511674994053107,0.0002320718314543256,0.00023207464841936475,0.19818398690401784,0.35043879201747885,0.00023206048658669747
S24_2013_11650292,0.000189437538512427,0.05495879209454581,0.18616325672946807,0.20410113986986197,0.4177375241213335,0.00018945034047458095,0.00018944088271187026,0.004698709785815813,0.03527050336916355,0.09650174526811259
S24_2013_11410656,0.00033905576017443116,0.00033904622892573185,0.0003390490983854905,0.26684417063928006,0.00033907919754500243,0.0003390742781562505,0.00033903250669253533,0.3054615037813616,0.4253209311042535,0.00033905740522533986
S24_2013_11441561,0.0002525999899973012,0.7742488073058778,0.0002525824008984805,0.0002525829353503856,0.13498733488372266,0.033648175741609804,0.00025257446618933164,0.0002525871624266503,0.05560016725248902,0.0002525878614386867
S24_2013_11686543,0.00018907199316404245,0.00018908237325948745,0.0001890765311262514,0.9377339488537829,0.047257380401613716,0.013685111625424023,0.00018906624268576742,0.00018907470715123312,0.000189097824869675,0.00018908944692281137
S24_2013_1478466,0.0003413714880591248,0.0003413852793140158,0.00034143959078397347,0.0003413960063543553,0.2902819153691766,0.5949592037646108,0.0003413549287280609,0.11236913431456719,0.00034140657777408166,0.0003413926806315859
S24_2013_11527530,0.00019767934858640982,0.18357239072438994,0.4155607762786108,0.000197667449812154,0.0001976834828151197,0.00019769051682025173,0.00019767851017065492,0.15038769758623882,0.2492930516635501,0.00019768443900576864
S24_2013_11450691,0.0003663813612585673,0.00036637562351760685,0.0003663735607248915,0.07917342612366653,0.11962156407790969,0.7986403863122465,0.00036633441388406727,0.00036641429715659,0.00036636720332260163,0.0003663770263129208
S24_2013_11480080,0.024656784050814746,0.732211821829997,0.00027938508133274815,0.00027939100277526394,0.00027941264734073396,0.000279389377671101,0.00027937058304583343,0.24117566689857803,0.00027939642910228355,0.000279382099342326
S24_2013_11691294,0.00040166099701220205,0.0004016645887177961,0.00040166912336114796,0.6036049963228353,0.33832053217169816,0.05526268992082724,0.00040171364141113796,0.00040167710726727966,0.00040169980794696903,0.0004016963189228433
S24_2013_11143013,0.0004387005893858264,0.00043868165751567907,0.00043867347709331716,0.2506372361109552,0.5603633168649155,0.000438683758116113,0.00043864439064695627,0.0004386816818181936,0.18592864936204867,0.00043873210750446
S24_2013_11621417,0.062193405772377176,0.00025076082670009574,0.00025068165479895144,0.00025066780194064035,0.8932136526878488,0.0002506839458991475,0.0002506584853295422,0.04283813173831972,0.0002506790434629014,0.0002506780433230415
S24_2013_8224607,0.021989849953700794,0.0913523082145325,0.00019424794146251392,0.00019421129325751334,0.8741368091087509,0.0001942145863517701,0.00019421335645270833,0.00019421732131461787,0.011355713852596053,0.00019421437158077739
S24_2013_11710396,0.3359857012574813,0.00030309913807520007,0.4942105065458817,0.00030309230841791483,0.000303101610875305,0.06979503657805648,0.0003031111336239742,0.0003031225575170604,0.09819013303440124,0.0003030958356699331
