,0,1,2,3,4,5,6,7,8,9,10,11,12,13,14,15,16,17
S24_2013_11735526,0.0562111916818481,0.04723836295755531,0.00022401436789414253,0.00022401436711795157,0.00022401436830796385,0.12654027976299914,0.0002240143528703769,0.0002240143662976537,0.00022401442304895687,0.7668739644023926,0.00022401436034360698,0.0002240143633583906,0.000224014422597623,0.00022401435684305874,0.0002240143730797361,0.00022401435071543627,0.00022401436873962653,0.00022401435399032945
S24_2013_10819863,0.23461375073966054,0.00022862375152423857,0.05888586448022861,0.00022862371715896932,0.0002286237148238649,0.00022862371017852705,0.0002286237019051618,0.16158721844706764,0.024764612774492316,0.16157650844229288,0.00022862372139634716,0.28033512016614903,0.000228623705628635,0.07572206407634025,0.00022862371927017145,0.0002286237024996112,0.00022862372574724985,0.00022862370363611504
S24_2013_11445294,0.5195789532729915,0.00017580873838971228,0.0001758087411291576,0.00017580873696017036,0.00017580873544311497,0.00017580873650590968,0.00017580873150547244,0.2793278953785429,0.00017580876966526908,0.15988010823529802,0.00017580875830323992,0.00017580874711419105,0.00017580873470317984,0.00017580873239877266,0.000175808735956804,0.000175808744067181,0.03875172073230681,0.00017580873871851212
S24_2013_11532605,0.03252452979776591,0.8156095692834736,0.00011111112772419362,0.00011111113327236703,0.00011111112160339422,0.025214787829281108,0.00011111112143246857,0.07472967711534617,0.00011111112540833603,0.00011111113078683212,0.0001111111303149272,0.05047699134092655,0.00011111112520037952,0.00011111112302970729,0.00011111113249886426,0.00011111111893080044,0.0001111111247959326,0.00011111111820850048
S24_2013_11584832,0.036806996957655394,8.03987902036197e-05,0.6165798706671021,0.13223976341879465,8.039879060673451e-05,8.039878964010852e-05,8.03987840227763e-05,0.013506488306338174,8.039878543528602e-05,0.19982169640613903,8.039878643349947e-05,8.039878839160738e-05,8.039878807558549e-05,8.039878479717526e-05,8.039878805023271e-05,8.039878249613325e-05,8.039878852821183e-05,8.039879728982452e-05
S24_2013_11947106,0.08729359285181477,0.5412483661944243,9.416197188005362e-05,9.4161974314608e-05,9.416196782464377e-05,0.13416971063001004,9.416196364938831e-05,0.10187399399181103,9.416197237310851e-05,0.13419023067971111,9.416197168920808e-05,9.41619729343919e-05,9.416197025237223e-05,9.416197853438957e-05,9.416197180022076e-05,9.416199457966119e-05,9.416197219204514e-05,9.416197020487074e-05
S24_2013_11191735,0.0001998401533922447,0.00019984015406469962,0.5886418281860699,0.0001998401465109539,0.00019984014920434548,0.07059969745814647,0.00019984014371555737,0.13830670960573518,0.0001998401558570356,0.18142866118306186,0.00019984015218958974,0.00019984016219878165,0.00019984016220831634,0.00019984015004170203,0.018425181599492857,0.00019984013925753789,0.00019984015545511656,0.0001998401433975275
S24_2013_11831038,0.00022401436747282225,0.00022401436003424634,0.1880641536000221,0.000224014368012143,0.0002240143603486625,0.00022401436888195263,0.00022401434805074496,0.00022401437585646867,0.00022401437263557244,0.00022401438138200305,0.00022401437154613967,0.0002240143692457528,0.00022401436365815684,0.41713034595579834,0.00022401438657770705,0.00022401434567819448,0.3914452849514321,0.00022401435336701236
S24_2013_11256816,0.00010137876382439978,0.00010137876296452145,0.0001013787699969982,0.02331936259356986,0.00010137876862377955,0.00010137876207869452,0.00010137876790125539,0.19936451540052916,0.00010137876498740688,0.7382618024409674,0.0001013787707570518,0.00010137876925140786,0.00010137876166041569,0.00010137876795496129,0.03763501684598763,0.00010137875717596733,0.0001013787742652147,0.00010137875750375481
S24_2013_11179684,0.00013751376961161288,0.00013751376418646264,0.00013751376662243466,0.00013751376739525026,0.00013751377408358117,0.00013751376409467503,0.00013751375701617316,0.3438047486638567,0.00013751377046601656,0.6254183579302219,0.00013751377381385056,0.000137513766735137,0.00013751376219443723,0.00013751376637228033,0.01883312150973548,0.000137513759817956,0.010018579169196361,0.00013751376457946874
S24_2013_11620754,0.0001304121232908004,0.00013041212018191715,0.5054862891533196,0.00013041211941933862,0.00013041211942555438,0.00013041211655073274,0.0001304121141047453,0.02141642521352684,0.00013041211929633857,0.00013041212066661035,0.00013041212819022544,0.00013041211914535731,0.00013041211843803601,0.0001304121155833962,0.00013041212739431073,0.0001304121120959179,0.4711411038462914,0.000130412113078783
S24_2013_11947552,0.1933112100748037,0.07908020098033973,0.13737048430626486,9.661837001862861e-05,0.019084280271408204,9.661837122787405e-05,9.661836777933066e-05,0.569897785556982,9.661836957971678e-05,9.661837238577752e-05,9.661837061631245e-05,9.66183699006582e-05,9.661837385283061e-05,9.661836929251808e-05,9.661837252365269e-05,9.661836497010203e-05,9.661837272554852e-05,9.661836532866065e-05
S24_2013_11812815,8.455945728697101e-05,8.45594603958574e-05,0.619444360679816,0.13237790195295446,8.455945715802201e-05,8.455945729596179e-05,8.455945847814151e-05,8.455945619182272e-05,8.455945293387052e-05,0.1275316936258932,8.45594525826407e-05,8.455946151522116e-05,8.455945622527638e-05,0.11739322134045939,8.455945444552672e-05,0.002153549470200816,8.455945663106749e-05,8.455944953560498e-05
S24_2013_11594670,0.00024154592294879383,0.1578277995085829,0.00024154593430914274,0.1941889497098417,0.20233445982769976,0.3784267593149249,0.0002415459093522164,0.0002415459333057244,0.00024154592465147598,0.06408193463066203,0.0002415459190044484,0.00024154592424886407,0.00024154592331759357,0.00024154594224487085,0.00024154592943413316,0.00024154591455155517,0.00024154592661874052,0.0002415459043012042
S24_2013_11742593,0.00010250103756192366,0.026030839132691566,0.017608054384817415,0.00010250103511484156,0.09653819556460226,0.00010250103768496938,0.5856061946985872,0.26011141817987493,0.00010250103969668275,0.00010250103868101729,0.00010250103856257264,0.0001025010356558556,0.00010250103485623015,0.010139294802297156,0.00010250103813488074,0.00010250103770087712,0.00010250104003804472,0.0028384918234416047
S24_2013_11161117,0.20487815601702583,8.989573802557652e-05,8.989573197762723e-05,8.989573241056645e-05,8.989573783677154e-05,8.989573244878105e-05,8.989572509085687e-05,0.36488711407689545,0.10387800398797487,0.09728122259402706,0.02984917979450494,8.989573317518665e-05,8.989573370050841e-05,0.053264290990275596,0.04342020057183868,8.989573317520014e-05,0.1016428746412661,8.989572835049284e-05
S24_2013_11180865,0.00011770246292129741,0.6930211992368068,0.00011770246357474111,0.028109709084450926,0.0001177024637422236,0.12968104498190114,0.00011770245704359918,0.00011770246631384449,0.00011770246196696641,0.14754021221089964,0.00011770246296032174,0.00011770246422159276,0.00011770246278091945,0.00011770247108561467,0.00011770246724888136,0.00011770245476753132,0.0001177024639725529,0.00011770246334137138
S24_2013_11832809,0.0002178649594345891,0.00021786494514962023,0.00021786496174460243,0.0002178649490182499,0.000217864955167147,0.02234509921468419,0.00021786494977659522,0.000217864961131611,0.09489508637633516,0.6927548032667996,0.0849491606224958,0.044438506837262574,0.0002178649596271962,0.00021786494529690362,0.058002964253729944,0.00021786494084115361,0.00021786495758368578,0.00021786494392141573
S24_2013_11860237,0.03592252778632292,0.00012919899035565492,0.00012919898253837268,0.07805488212258233,0.00012919898288432524,0.0001291989863268818,0.00012919897847212764,0.2646068655929012,0.190604918763097,0.10268608967703025,0.00012919898997686903,0.3265743282497356,0.00012919898568057377,0.00012919899260966164,0.0001291989794553587,0.00012919897357157082,0.00012919898737926658,0.0001291989790798542
S24_2013_11802041,0.5224837703285058,0.00021533164981222337,0.0002153316418408816,0.00021533164143006767,0.00021533163574919697,0.00021533164691846482,0.0002153316243715895,0.00021533164004828537,0.00021533163756566804,0.47407092343078683,0.00021533163507735854,0.00021533163874724968,0.00021533166943197714,0.00021533163735329146,0.0002153316573491014,0.0002153316291621613,0.00021533163394668185,0.0002153316219028139
S24_2013_1290513,0.19028840909602396,0.00022311470658947576,0.0002231147137788822,0.00022311470841888218,0.0716066329320643,0.0002231147093045896,0.00022311469692895075,0.35945889034102824,0.07937395327546568,0.00022311471364897393,0.00022311472066181205,0.00022311470210108021,0.00022311472270004456,0.00022311470171389153,0.00022311471246202523,0.00022311469659996652,0.2963716231490032,0.00022311470150596644
S24_2013_11478992,9.763719461308678e-05,9.763719207542887e-05,9.763719103671176e-05,9.763719324021266e-05,9.763719093419318e-05,9.763719148390439e-05,9.76371844870039e-05,0.3283034690752409,0.2882576982529263,0.381974274803218,9.763719388076489e-05,9.763719499841473e-05,9.763718934493054e-05,9.76371917328449e-05,9.763719211874354e-05,9.763718578165379e-05,9.763719513440476e-05,9.763718775249428e-05
S24_2013_11957122,0.00023640664756783674,0.0002364066407688832,0.000236406643823191,0.00023640664169837866,0.00023640665060955737,0.00023640664045854176,0.00023640662686941094,0.1284590328916092,0.00023640664945792178,0.7497518426595207,0.00023640665437988092,0.00023640664046645308,0.0002364066369200578,0.00023640664377815732,0.10497410382414785,0.013505327612730648,0.00023640665890406248,0.00023640663628940234
S24_2013_11680305,0.4901138206221619,0.00022311470073297155,0.00022311471530358707,0.00022311470964549203,0.00022311470440701889,0.00022311470313312237,0.00022311470152141166,0.26749203386087134,0.06281042185227063,0.00022311471636515017,0.034936746417797995,0.00022311471371328862,0.00022311470753170042,0.03995372927656381,0.00022311470943213641,0.0002231146947337945,0.10201587149008949,0.0002231147037252179
S24_2013_11460698,0.00024050026449087456,0.00024050028051791688,0.00024050026793234283,0.00024050026489829185,0.0002405002596924658,0.00024050026567267694,0.00024050025164338166,0.00024050027007172133,0.00024050027710430388,0.9130131469090855,0.00024050026371269393,0.08313884885091788,0.00024050026431586652,0.00024050026308418315,0.00024050027649953157,0.00024050024998742466,0.00024050026353019356,0.00024050025684249385
S24_2013_11619166,0.08885457965270536,0.00017361112675400318,0.00017361112658190257,0.00017361112695505387,0.00017361112668331938,0.00017361112791954014,0.00017361111739999972,0.23002986662275557,0.12412712014866863,0.24799665658128833,0.3067348323294408,0.00017361112754125526,0.00017361112313854588,0.0001736111354754847,0.0001736111299316743,0.00017361112007178645,0.00017361112927722277,0.00017361114741140497
S24_2013_11828498,0.0001435544249378495,0.00014355443133698238,0.00014355442608892787,0.00014355442737606192,0.00014355442345810802,0.4266495859736436,0.00014355442870957966,0.00014355442913129037,0.00014355446198777947,0.4940798713506941,0.00014355442034164054,0.00014355442993994527,0.00014355442668649246,0.00014355442263823016,0.04514276565241882,0.000143554414400816,0.03211801503989697,0.00014355441631268127
S24_2013_11646732,0.10224251817638393,0.0002042483968026287,0.0002042483980161739,0.00020424840290848202,0.00020424839111255445,0.04258329505128706,0.00020424837723512581,0.00020424839494091062,0.00020424839407469727,0.00020424839935884355,0.06757876778332744,0.19703332805782345,0.0002042484109479255,0.00020424840753682612,0.0002042483956105881,0.0002042483827510429,0.587906861801705,0.00020424837817703288
S24_2013_11912726,0.0001378549923059831,0.2223267613767081,0.00013785499573029962,0.0001378550068008279,0.00013785499523365067,0.00013785500099774997,0.00013785498734679872,0.0001378549940070511,0.0001378549909080681,0.00013785500159046532,0.6451963112005639,0.0001378549943601178,0.13040910250699358,0.0001378549982064393,0.00013785499337107618,0.0001378549886317204,0.00013785499115775995,0.0001378549850864045
S24_2013_11666987,0.00017636686843877582,0.00017636686261506782,0.7338047160477977,0.02792725096411489,0.0001763668631748638,0.00017636686098586354,0.00017636685427850605,0.20697261937776246,0.028826277496323643,0.00017636687041914622,0.00017636686543222974,0.00017636686872629732,0.00017636687890627584,0.00017636686232085593,0.0001763668727768643,0.00017636685541741492,0.00017636687022177196,0.0001763668602873975
S24_2013_11590697,0.00019770662671479944,0.8770447215282628,0.000197706629793334,0.0001977066313611543,0.10516796800283015,0.0001977066216484086,0.00019770661524470302,0.00019770664060388376,0.014821711090233157,0.00019770663027672008,0.00019770661528860825,0.00019770662953481376,0.0001977066207266999,0.00019770662813970856,0.0001977066211938982,0.000197706626662279,0.0001977066259590029,0.0001977066155258782
S24_2013_11183838,0.0001182033281848724,0.0001182033258436268,0.7549505839773816,0.00011820332281622314,0.00011820332448762391,0.008706271722666914,0.00011820331902964257,0.00011820332948349717,0.0001182033234879083,0.06420315807880368,0.00011820332461541339,0.00011820332657268699,0.10933863234191846,0.00011820332389311829,0.0001182033206563949,0.00011820331835642783,0.06126471067145652,0.00011820332034547394
S24_2013_11213182,0.00016485330764791427,0.09133964797466974,0.00016485330494596913,0.00016485330829589924,0.00016485330996519423,0.000164853305578656,0.0001648533110348516,0.00016485331491504496,0.00016485331457904124,0.00016485331097911867,0.7633332808935852,0.00016485330365940116,0.00016485330154942355,0.010262649422788626,0.00016485330137734782,0.00016485329284386644,0.1327564754193892,0.00016485330219557777
S24_2013_11842651,0.00021786495165144115,0.00021786495029916796,0.00021786495095180362,0.00021786494785346782,0.0002178649581922323,0.00021786494598386103,0.0002178649355048531,0.00021786496276307858,0.0002178649444003966,0.9648000669091455,0.00021786494780582144,0.00021786494921244664,0.0002178649563502173,0.00021786496419572482,0.00021786495366271256,0.00021786494692520433,0.031714093889632575,0.00021786493546953868
S24_2013_8789495,0.0002480159178684218,0.4692034679019231,0.0002480158960975549,0.0002480159026786009,0.0002480158964230472,0.02378084464479234,0.016549623740733054,0.00024801590575111926,0.00024801599491341346,0.08825272734443046,0.00024801590095835743,0.3989891295492343,0.00024801589806984546,0.00024801590628790765,0.00024801591093638267,0.0002480158804898111,0.00024801589970437017,0.0002480159087079913
S24_2013_11488901,0.00011384336253799123,0.00011384336460805757,0.048976040788144555,0.00011384336273116744,0.10421491863706342,0.00011384336330810428,0.00011384335834536778,0.16800358618270284,0.00011384337307159039,0.00011384336898270007,0.2606654674421708,0.00011384336216530167,0.00011384336224658723,0.00011384336119183138,0.00011384337536690453,0.00011384335918700166,0.4166600232156241,0.00011384336055175051
S24_2013_11528434,0.15144238109811403,0.00012345680652005222,0.12018513339698496,0.00012345681045221628,0.0001234568081467259,0.39130805431911564,0.00012345679676604865,0.00012345681568925874,0.07822574731381993,0.00012345681284353356,0.013167553190675876,0.17656831102147463,0.00012345680562836313,0.06774479478304142,0.00012345680512951764,0.00012345679986726235,0.00012345680973391743,0.0001234568059966506
S24_2013_11778856,0.18255579568398492,0.00018096274161151098,0.0001809627546538366,0.00018096274623170786,0.00018096274252802722,0.0001809627389762581,0.00018096273045198078,0.0001809627482524371,0.32141325088157446,0.2099193863226014,0.00018096274323936044,0.0001809627490399924,0.0001809627367495152,0.0001809627406143503,0.00018096274863957018,0.00018096272865237862,0.2835780887300116,0.00018096273218681216
S24_2013_11887877,0.0002161695034800169,0.0002161695022247511,0.4219402308071468,0.00021616950587748356,0.00021616949502501994,0.00021616951695138821,0.00021616950154877703,0.0002161695021008325,0.00021616949656323524,0.11260587538365575,0.00021616950269027414,0.3975484766062125,0.00021616950248985221,0.00021616951255510892,0.00021616952438536233,0.000216169486027628,0.06487904416056639,0.00021616949049892186
S24_2013_11902465,0.0002057613382877506,0.0002057613478949131,0.0002057613508698451,0.00020576133492303285,0.37480492091008266,0.03821271046838947,0.00020576132757050585,0.1573846354408161,0.00020576133969094226,0.00020576134996413238,0.0002057613420852665,0.008024859975460673,0.03619848676278308,0.04234407092257771,0.0002057613402541727,0.3202539150694212,0.02071878704957918,0.0002057613293496556
S24_2013_11882591,0.014037779401762124,0.01754348079622607,0.0002620545369970328,0.01390787808181286,0.00026205454590622025,0.00026205454016109555,0.000262054545984562,0.13949049508285236,0.00026205455664803513,0.8116136576339833,0.00026205454444343143,0.00026205453978458775,0.0002620545296874411,0.00026205454711711844,0.00026205453010875145,0.0002620545207220163,0.00026205454720501167,0.00026205451859787467
S24_2013_11929305,0.000132275147187561,0.00013227515113502713,0.00013227515015213837,0.00013227514643293842,0.06757130189927095,0.00013227515118490553,0.0001322751377848731,0.00013227515725761264,0.5699768505038297,0.3604677203603896,0.00013227514850185933,0.00013227516010829384,0.00013227515026019966,0.00013227514661861864,0.0001322751560125169,0.00013227513792312304,0.00013227515352679753,0.00013227514242326814
S24_2013_11226423,0.00010561893458718232,0.00010561893717933388,0.00010561894099392716,0.00010561893693591636,0.00010561894181152917,0.00010561894075206634,0.00010561893449096693,0.00010561894013473241,0.00010561893717751176,0.00010561894175139729,0.00010561893621430105,0.00010561893570736583,0.008349967445037772,0.00010561894363879379,0.0001056189394514146,0.9899601295424708,0.00010561893723190017,0.00010561893443320901
S24_2013_11563099,0.5131201651643275,0.0001513775559926541,0.00015137755524002416,0.0001513775523180632,0.0001513775573383785,0.0001513775510830351,0.00015137755734085244,0.0001513775593630919,0.00015137756868702543,0.3227710110197222,0.00015137755534440367,0.00015137755832306447,0.00015137754823654843,0.04019068154899133,0.12179885649002044,0.00015137754810793083,0.00015137755318421744,0.0001513775563792335
S24_2013_11546506,0.00022045858976930136,0.00022045858116235496,0.00022045858236746137,0.00022045857986340987,0.00022045857742683013,0.00022045858903093772,0.00022045857638194682,0.7815852072221522,0.13816942594893325,0.07693848804169796,0.000220458596146208,0.00022045859615921838,0.00022045859383745497,0.0002204586000865946,0.00022045860545179833,0.00022045856145156694,0.00022045858522490742,0.00022045857285653015
S24_2013_11913335,0.00011671337450185966,0.0001167133684311774,0.14768208046309952,0.05722829665113897,0.00011671339206180772,0.26302703973219993,0.00011671340710833659,0.00011671336917374036,0.03368436745482354,0.03490346323290819,0.00011671337053812693,0.00011671336665877399,0.46207419199684985,0.00011671336631084034,0.00011671336324301437,0.00011671335858271265,0.00011671337047110877,0.00011671336189844759
S24_2013_11439371,0.00019493180230413447,0.00019493181059119228,0.00019493180681856987,0.00019493180423580094,0.00019493180749819702,0.10478054433919513,0.00019493179255827324,0.0001949318041074549,0.00019493179805993524,0.21820850720252197,0.0001949318198045561,0.0001949318032099857,0.0001949317995196089,0.00019493180143723778,0.0001949317997952714,0.0001949317945518491,0.2207613912718961,0.45352051194189474
S24_2013_11510177,0.5118387623811385,0.00019912387712070522,0.00019912387713558863,0.00019912387175456185,0.004973307197623942,0.0001991238690360949,0.00019912388922262142,0.00019912388750595585,0.00019912387131394368,0.36104814501354765,0.00019912388302517934,0.00019912387406319565,0.019859671544187177,0.00019912387563587273,0.00019912389189645393,0.048870722396758055,0.05101990492631021,0.00019912387272449412
S24_2013_11825951,0.0001301067144413238,0.00013010670535639068,0.25719733593653593,0.15624785001425184,0.00013010671615982646,0.00013010671103913488,0.0001301066971875451,0.0001301067117090599,0.00013010670526875353,0.00013010671669100508,0.00013010670669215163,0.0001301067046026763,0.0001301067021597529,0.4639848616860895,0.00013010670574169466,0.00013010669514955476,0.12074845842692904,0.00013010674399471222
S24_2013_11202845,0.00011550013321989149,0.00011550013553959859,0.7010002200806124,0.00011550012744848502,0.00011550012581361743,0.0001155001316613502,0.0001155001216081335,0.00011550013684246438,0.012216942655685693,0.00011550013293212347,0.00011550012808145972,0.02543954851153207,0.00011550012675999247,0.00011550013775784524,0.00011550012933542571,0.00011550012265208893,0.25972628693896826,0.00011550012354925449
S24_2013_11780806,0.00019223378094702915,0.00019223378812714947,0.0001922337809438241,0.00019223378516739444,0.00019223378646556955,0.00019223378654213417,0.00019223376788501768,0.36978713229357696,0.00019223378126986102,0.21427006258044304,0.00019223377934091948,0.00019223377674077314,0.0001922337806734816,0.00019223377762447958,0.4130592983448224,0.00019223383468863225,0.00019223379332629646,0.00019223378141517588
S24_2013_11787114,0.00022862372365248468,0.00022862371275501303,0.00022862371003889463,0.00022862370515813936,0.22061855803560868,0.00022862371030473052,0.00022862369425744264,0.0904577510747436,0.0795606513714918,0.00022862372396523825,0.1441813985781343,0.00022862371919519085,0.00022862370252121488,0.00022862371618743126,0.0002286237173793601,0.005564456870903236,0.45687369953374063,0.0002286236999626758
S24_2013_11154896,8.028260712569666e-05,0.11839883082937165,0.09746086545315563,8.028260393567487e-05,0.027889823342720936,8.028260684848637e-05,8.028262532464553e-05,0.07945943840965522,8.028260413744106e-05,0.037258088065824875,0.6300592025971857,8.028260841653761e-05,0.00859064261240991,8.028260569543359e-05,8.028260749382124e-05,8.028260971775056e-05,8.028260891631188e-05,8.028260206401934e-05
S24_2013_11415029,0.07387805291215092,0.00018395881694096585,0.00018395882548105763,0.0001839588171209029,0.03956581119295168,0.0001839588183478964,0.00018395880034722403,0.4741618447538502,0.09969875619145199,0.00018395882266935247,0.0001839588150106409,0.00018395881880457242,0.00018395881887532802,0.09737914379351903,0.00018395884634910258,0.0001839588054299969,0.21310888534727693,0.00018395880342224514
S24_2013_11395792,0.00014697239411750294,0.00014697239407772243,0.0724755404364273,0.00014697239009553453,0.00014697239058999545,0.00014697239114284217,0.7160241880701265,0.00014697238872480084,0.00014697238661425053,0.1409004486322427,0.00014697238492297418,0.00014697238704327687,0.06854220943363988,0.00014697238337569722,0.00014697238787148264,0.00014697238106224335,0.0001469723910486032,0.00014697237687671694
S24_2013_11873542,0.00014934290776929767,0.9523990653307526,0.00014934291113555522,0.00014934290496153128,0.00014934290472533475,0.00014934291436412481,0.00014934290958721754,0.0001493429198156519,0.00014934291069618928,0.008970225998495946,0.00014934290993694064,0.0001493429086210696,0.00014934290682426334,0.00014934291180941224,0.00014934291378294185,0.00014934289784339542,0.00014934291070012155,0.03639056502817838
S24_2013_11608412,0.0001605652162739774,0.5588661756844765,0.07848956109463082,0.0001605652110699308,0.00016056520809932463,0.24035524441539122,0.00016056519719128442,0.00016056521219880312,0.00016056522697822372,0.059497788547782655,0.00016056520618645153,0.00016056521569949336,0.00016056520354698636,0.0001605652160638743,0.0001605652175240774,0.0001605651966262638,0.06070388252922709,0.00016056520103304722
S24_2013_11662755,0.06117983113430252,0.0001420858335878702,0.2531399849021405,0.00014208583774361148,0.00014208583532911257,0.022269691801513846,0.00966646559521735,0.00014208584562978198,0.00014208584351080978,0.00014208583690289556,0.06921289475596784,0.00014208583949383788,0.3491477672112253,0.011298352562866237,0.0001420858386392529,0.22266415364626516,0.0001420858406220991,0.0001420858390420847
S24_2013_11441983,9.384384991075239e-05,0.9984046544520219,9.384385477375846e-05,9.384385265464599e-05,9.384385780033142e-05,9.38438539782314e-05,9.38438479410981e-05,9.38438532379827e-05,9.384385322028346e-05,9.384386476274439e-05,9.384385267018862e-05,9.384385333361612e-05,9.384385300423353e-05,9.384385326097982e-05,9.384385622717129e-05,9.384387850581116e-05,9.384386255386624e-05,9.384385014256204e-05
S24_2013_11866265,0.2266148750542468,0.00013854255322064314,0.00013854254944511244,0.00013854254690196958,0.0001385425501798863,0.0001385425520339465,0.00013854254519877248,0.00013854254843621513,0.00013854254834654294,0.7711684441526819,0.00013854255404302214,0.0001385425586521667,0.00013854254844806622,0.00013854254650909998,0.00013854254850233255,0.00013854254318534028,0.00013854255270158073,0.00013854254726652232
S24_2013_11571767,0.00012626264783637933,0.6158591668104213,0.00012626264404753197,0.0001262626432028747,0.00012626264134396863,0.00012626265662141886,0.0001262626524555235,0.00012626265063292805,0.00012626264394393784,0.3695415314906172,0.00012626264486142867,0.012705362016345454,0.00012626264649652692,0.00012626264291231811,0.00012626264662087341,0.00012626263830687736,0.00012626264747107673,0.000126262635862449
S24_2013_4069509,0.00019157090753657075,0.00019157090639754232,0.00019157090702694223,0.00019157090466254785,0.00019157090502428065,0.00019157090190876207,0.00019157089033037243,0.041600021948585336,0.0001915709033555201,0.000191570913478862,0.9553348435633543,0.0001915709109419224,0.00019157090224222634,0.0001915709151442923,0.00019157090636033792,0.00019157090235405824,0.00019157091471732644,0.00019157089657865587
S24_2013_11360755,0.00015964241720798966,0.00015964242235176016,0.8578520757725225,0.00015964242026053754,0.00015964242252482664,0.00015964242820063745,0.1395936454967462,0.00015964241620254987,0.00015964241832537853,0.00015964242129250328,0.00015964242000630544,0.00015964242105973527,0.0001596424287394742,0.00015964242644163964,0.0001596424244504919,0.0001596424075451803,0.00015964242150944187,0.00015964241461290536
S24_2013_11286801,0.1620848752378474,0.0001902587677317909,0.0001902587783871659,0.013392713977236502,0.06936053708173252,0.0001902587851312722,0.00019025876504722187,0.00019025878813637185,0.00019025877170831377,0.7444148670052276,0.0001902587762844854,0.00019025878153292378,0.00019025878625136933,0.00019025876788589152,0.00019025877430935278,0.0001902587617105764,0.0001902587879621614,0.008273642605877391
S24_2013_11290007,9.432183885139389e-05,0.014756324852582969,0.17264186763584272,9.432183811224298e-05,9.43218388941215e-05,9.432184040919785e-05,9.432183325026548e-05,9.432184242473118e-05,9.432184181151364e-05,0.03520558099042752,9.432184237124193e-05,0.07063679947590022,9.432183453466999e-05,0.37952085988498696,9.43218427286678e-05,9.432183185923558e-05,0.3261067051003685,9.4321834643677e-05
S24_2013_11656335,8.917425660501032e-05,8.917425400192161e-05,8.917425526945427e-05,8.917425386918178e-05,0.6747841826092478,8.91742537485684e-05,8.917425173504546e-05,8.917425905868276e-05,8.917425408931713e-05,8.917426037153543e-05,8.917425594217422e-05,8.917425498014268e-05,8.917425364871683e-05,0.32378902931146974,8.917425367957683e-05,8.917425127609043e-05,8.917426015348735e-05,8.917425085352e-05
S24_2013_11402957,8.586640547858523e-05,8.586640111624088e-05,8.586640408857241e-05,8.586642870982883e-05,8.586640255074475e-05,0.00451604623869854,8.586639772114361e-05,8.586640377484346e-05,8.586640161243957e-05,8.586640682515487e-05,8.586640151202177e-05,8.586640505667174e-05,0.7216223440324213,0.2725736136661051,8.586640609208614e-05,8.586639560507316e-05,8.586640440918388e-05,8.586639822270865e-05
S24_2013_11326255,0.00018768771100291393,0.0001876877167188075,0.00018768771629921918,0.000187687714151566,0.00018768771575824124,0.00018768771286785374,0.0001876877011175633,0.00018768771151229054,0.0001876877104568094,0.00018768772210990501,0.00018768770744113719,0.00018768771320260526,0.00018768771458953728,0.34061190709934946,0.03168897943169027,0.0001876876982970739,0.6248837978075712,0.0001876876958635642
S24_2013_11015127,0.14906487243134264,0.0002447381563481679,0.00024473815548206417,0.00024473815297684147,0.0002447381547717242,0.0002447381518286911,0.0002447381428804235,0.17907317605517975,0.00024473815405286095,0.6681908791792228,0.00024473815550928295,0.0002447381568263909,0.000244738155547002,0.00024473817458846433,0.00024473816703097666,0.0002447381397097224,0.00024473817072799754,0.0002447381459740799
S24_2013_11575808,0.16564750838736692,0.00015262517116901395,0.00015262516914043027,0.00015262516829723624,0.00015262517919820663,0.00015262516765026225,0.00015262519473825976,0.0001526251814813706,0.016194567672311495,0.7624870715673527,0.0001526251683709652,0.038975726879281004,0.00015262516748335646,0.0001526251839402958,0.00015262517291779435,0.00015262516818438792,0.014710998235911502,0.000152625165204734
S24_2013_11737324,0.00016583750243968738,0.000165837496268736,0.0001658374961115002,0.0001658374984008585,0.0001658375002927806,0.00016583749825079469,0.00016583748768100127,0.00016583750021531533,0.38398180217289246,0.14639656401963952,0.4671340713619774,0.00016583749583151986,0.0001658374930667628,0.00016583749405422663,0.000165837498380063,0.0001658374902598523,0.00016583749983622022,0.00016583749440143101
S24_2013_11297631,0.0001310272697217295,0.0001310272740220635,0.00013102727146055686,0.010551465156688783,0.00013102726954595772,0.00013102727406432227,0.00013102726050419922,0.18173559136870684,0.00013102726906510196,0.7091645383873526,0.00013102727189253166,0.03222917164210678,0.0001310272657090148,0.012026311903665947,0.052720594309642606,0.0001310272695707227,0.0001310272702469842,0.00013102726603318054
S24_2013_11884807,0.2166279547907581,8.45594600541168e-05,0.12409246179645282,8.455945588814957e-05,8.455945895936217e-05,8.455946151987629e-05,8.455945417677796e-05,0.08776176157153942,8.455945555110761e-05,8.455945912621692e-05,0.01655140469064344,8.455946043812051e-05,8.455946248031216e-05,8.455945546716987e-05,0.5538671441993442,8.455945736342882e-05,8.45594590506306e-05,8.45594511867424e-05
S24_2013_11295877,0.00016989468982377064,0.00016989469652654214,0.0001698947001976129,0.0001698947065945835,0.3516881305203009,0.00016989469065692534,0.0001698946727060116,0.08048397418165361,0.01575471262729806,0.1555414669044055,0.018737502772110268,0.00016989468767774087,0.017958447332434648,0.00016989471200103365,0.037500851773519084,0.2188454324643161,0.10196042918342041,0.0001698946843571336
S24_2013_11783821,8.206139563480149e-05,8.206139466583426e-05,0.29910047745771795,0.1686144915865234,8.206139232734937e-05,0.14505478987612383,0.21192551042505298,8.206139216948039e-05,8.206139384084981e-05,0.05113935736437782,8.206139222435433e-05,8.206139320338729e-05,0.07672282143724758,8.206139753732854e-05,0.04653987652549483,8.206139232430389e-05,8.206139466643903e-05,8.206138886752574e-05
S24_2013_8277275,0.05960041872702487,0.0002491280970638256,0.00024912808920573784,0.0002491280928393519,0.00024912807463047204,0.00024912811643622155,0.00024912808111259797,0.0002491280741719164,0.0002491280750649159,0.0002491280976698445,0.0002491280675530279,0.0002491280780580224,0.00024912808987926667,0.00024912807897121595,0.0002491280739643792,0.06361332709387403,0.0002491280726389681,0.8730493329198413
S24_2013_11595043,0.00014543341052020766,0.00014543341445743987,0.00014543340752134486,0.00014543340777835667,0.00014543340407218553,0.0001454334046993585,0.00014543339773658443,0.00014543340953217742,0.00014543340564673911,0.2830857349977231,0.00014543341077873594,0.00014543342015585272,0.0001454334021614027,0.00014543340907202575,0.00014543340908667205,0.00014543340063768618,0.7145873304863016,0.0001454334021184454
S24_2013_11951692,0.022455233200637966,0.016471730525551353,0.24402901608328795,0.02091151334550136,0.00014543341331857114,0.0001454334162564552,0.21053525952044205,0.00014543341237233622,0.00014543345257112596,0.17293657194179138,0.00014543340543292973,0.0001454334109061807,0.3110609078183415,0.0001454334229820008,0.0001454334096599757,0.00014543341386226059,0.0001454334078781665,0.0001454333992066384
S24_2013_10547763,9.938383571801766e-05,0.07877475780111903,0.19661586403302594,0.10819272324870485,0.047361186160243575,0.019474987062656123,9.938383361279851e-05,0.03115005511846541,0.010381895431377849,0.055733989276123684,0.006442396784772289,0.2646452954365713,9.938383190995662e-05,9.938383719875235e-05,0.18053116280636464,9.938383757057664e-05,9.938383670215279e-05,9.938382786283152e-05
S24_2013_11385582,9.867772920375636e-05,0.4798155546552709,9.867773279275098e-05,9.867772892839578e-05,9.86777287372047e-05,9.867772889611011e-05,9.867772398401524e-05,9.867773154998802e-05,9.86777334612292e-05,0.49131455860342743,0.008301718222871355,0.012310456178775782,9.867772781675956e-05,9.867772884089538e-05,0.006974901831641015,9.867772450075989e-05,9.867773391783577e-05,9.867775538358983e-05
S24_2013_11563383,0.00014029182772582228,0.00014029182373201626,0.13302071876038862,0.00014029182367293565,0.01510730703537134,0.00014029183089817762,0.00014029181639683302,0.0001402918230762528,0.0001402918232257929,0.00014029183083205223,0.0001402918202596192,0.0001402918308473232,0.8497675968228252,0.00014029183329784985,0.00014029183195486287,0.00014029181384989686,0.0001402918294854371,0.0001402918221599014
S24_2013_11406564,0.00010403662283960605,0.00010403662118795602,0.00010403662134230608,0.00010403662130278537,0.00010403662590593155,0.0001040366214182737,0.00010403662104042807,0.00010403662235672643,0.00010403662123357266,0.00010403662193133738,0.00010403662127341447,0.9982313774295991,0.00010403662125181868,0.00010403662181510614,0.00010403662151077637,0.00010403662116471551,0.00010403662165980946,0.00010403662116653802
S24_2013_11589052,0.0002005616057676124,0.20757231575761426,0.00020056159755781162,0.00020056159429675675,0.00020056159912589015,0.000200561595572379,0.00020056158811558377,0.34179268525903117,0.00020056159539171762,0.00020056159825450923,0.00020056159222683748,0.00020056159508915995,0.0002005615918736559,0.00020056159227332872,0.447626575068303,0.00020056158665242882,0.00020056159262681552,0.0002005615902271258
S24_2013_11395528,0.0001277139443713656,0.00012771394331123091,0.1355646505901917,0.00012771393690360995,0.0001277139378315415,0.00012771393741455608,0.00012771392695312605,0.00012771393989014526,0.00012771393932046397,0.062314582947552245,0.047383118049969565,0.0001277139484824792,0.00012771393420903476,0.7101351266523986,0.00012771394594231835,0.0001277139309906433,0.04294224056420027,0.0001277139300669712
S24_2013_11601126,0.07677427319261727,0.0001949318006554686,0.17167991120027593,0.00019493180027226758,0.00019493180514685112,0.11419920380307166,0.0001949318017080189,0.00019493180447079688,0.00019493179624095261,0.30290726884838964,0.00019493180758793969,0.00019493181227304607,0.00019493180470240957,0.00019493180941776875,0.00019493179849019806,0.00019493179609097742,0.1367668261177318,0.19533333520085686
S24_2013_11645688,0.0001392369982117018,0.020551943679010524,0.04589155703007507,0.00013923699321205597,0.05225137932056613,0.00013923700020079992,0.00013923699866696842,0.00013923700011307546,0.0001392370051030491,0.013359147051520715,0.3306408279966309,0.00013923699884484128,0.00013923699119083502,0.00013923699787721661,0.005035871436372526,0.00013923698926243932,0.5307376665191902,0.00013923699395095265
S24_2013_11867877,0.00016633402089583115,0.00016633402030057556,0.00016633402436291996,0.000166334031815488,0.00016633402970720149,0.0001663340181579043,0.00016633401292633475,0.06176954882650964,0.0001663340196058019,0.9355691068481553,0.0001663340158315054,0.00016633402094904415,0.00016633401769723644,0.00016633401671949376,0.00016633401950426132,0.000166334023385677,0.00016633402235817203,0.0001663340111178527
S24_2013_11212760,0.021618990519167023,0.00016733603306485134,0.0001673360391841308,0.00016733603383339407,0.00016733605697153467,0.0001673360412394176,0.00016733602305714275,0.00016733603254621686,0.022770413600554297,0.21998838417000335,0.6521054273895273,0.0001673360477709403,0.00016733603545685918,0.00016733602703059125,0.0001673360290687592,0.021744966759577003,0.05976378513889748,0.00016733602304973833
S24_2013_11933058,0.00016056521313137238,0.0001605652091094877,0.0001605652179928867,0.00016056521130163346,0.00016056521390801691,0.0001605652063644392,0.0001605652282580233,0.1827389205232184,0.00016056521323200138,0.2085069038751119,0.01345483299102787,0.1048526898083331,0.00016056520726999456,0.01259839899596966,0.4759214712484845,0.00016056521440761597,0.000160565218409172,0.00016056520447012325
S24_2013_5301555,0.11846450216593436,0.5032003093221163,0.10536435200627181,8.074936895093753e-05,8.07493665349568e-05,8.074936895240233e-05,0.010812355770249265,0.11511539671621694,8.074936184705382e-05,0.08214143199561268,0.010182458373197301,0.011866993365946106,8.074936312797614e-05,8.074936580375013e-05,8.074936425622224e-05,8.074938638596231e-05,0.031619209460037837,0.010586995878557994
S24_2013_11280371,0.03194386006182671,0.010687359775449216,0.1757925147802666,0.00011223346105166341,0.00011223346278446982,0.00011223345942948116,0.00011223345404610117,0.1874927706573053,0.013640245679769694,0.03980736480682886,0.0001122334636147505,0.2499388654468018,0.14488353014577715,0.00011223345818788376,0.00011223346492681167,0.00011223345262542682,0.14480338751011132,0.00011223345919677688
S24_2013_11403993,0.00013419217649378835,0.00013419217808678923,0.00013419218552056377,0.0001341921769196371,0.000134192183184109,0.007241601409845138,0.0001341921786033365,0.9789537057892289,0.0001341921790076433,0.000134192179835781,0.00013419218062634973,0.00013419217438186788,0.00013419217726867453,0.00013419217350616318,0.00013419217825526972,0.011791810124465766,0.00013419217863682716,0.00013419217613330306
S24_2013_3660437,0.00011044843884325561,0.00011044843518346486,0.00011044843183264465,0.00011044843018669341,0.00011044843135820138,0.0001104484331263294,0.00011044842554619664,0.7873688126758956,0.00011044843016322538,0.2108640124154581,0.00011044843197525769,0.00011044843239714684,0.00011044843115317708,0.00011044843097685944,0.00011044843361717711,0.00011044842742980779,0.00011044843827746527,0.00011044842657942826
S24_2013_11591880,0.0001526251709603536,0.00015262518257783874,0.4798361223477877,0.00015262516810530163,0.00015262517304306939,0.0001526251752469083,0.00015262518344808998,0.11138144759984976,0.0001526251817057264,0.0001526251794460721,0.00015262517596481472,0.0001526251760320742,0.24311666199537071,0.0001526251694590837,0.16352901561665834,0.0001526251632276698,0.00015262517824047168,0.00015262516287598967
S24_2013_11238598,0.00022133689444977202,0.11671153762926159,0.00022133691056086467,0.00022133691013790732,0.00022133691662409798,0.00022133690131476605,0.010882688000162526,0.00022133690472311227,0.01669652646001344,0.8526105312822965,0.00022133690595001836,0.00022133690017477582,0.00022133689872814544,0.00022133690660448981,0.00022133690351332675,0.00022133688687502154,0.00022133690188229252,0.00022133688672726693
S24_2013_10346803,9.66183721707173e-05,0.016425414839154415,9.661836976943927e-05,9.661836963352487e-05,9.661836798816143e-05,0.4255603689779516,9.661836930255059e-05,0.36389712855858003,9.66183708296155e-05,0.19276443044334252,9.661836738900883e-05,9.661837039857106e-05,9.66183710812888e-05,9.661836508442564e-05,9.661837048916368e-05,9.66183834845165e-05,9.661837038427851e-05,9.661836296612999e-05
S24_2013_11765316,0.6753690004154577,0.00013517168569351107,0.1727442155156805,0.00013517168747968064,0.00013517168441838412,0.00013517168345552951,0.00013517174665805609,0.00013517168759196523,0.00013517168794341963,0.0001351716868411042,0.0001351716928849113,0.00013517168763737988,0.00013517168607299904,0.00013517169100507752,0.00013517168638934506,0.00013517168183137758,0.14985920871400774,0.0001351716789512341
