,0,1,2,3,4,5,6,7,8,9,10,11,12,13,14,15,16,17
S24_2013_11735526,0.017592207915634074,0.22486010890289562,0.00022311471224063602,0.00022311471249232814,0.00022311472447156193,0.00022311471111163088,0.00022311470448335878,0.2135129786756692,0.0002231147178347766,0.05924088415517446,0.01609579860704197,0.00022311471746515226,0.00022311471338444156,0.00022311474710782928,0.00022311474257450555,0.00022311470975924013,0.4660206451191002,0.00022311471155892556
S24_2013_10819863,0.036787849263558034,0.00022862371457543193,0.00022862369841277595,0.00022862371925414077,0.00022862371806249467,0.00022862370954729498,0.0002286237203978117,0.0002286237145382407,0.00022862371434766827,0.018237583309105725,0.00022862372149766368,0.0844105603608448,0.2772813879245971,0.00022862371451149306,0.00022862370586085656,0.15689314225712953,0.19393669789019352,0.22993791814356537
S24_2013_11445294,0.000175808751246909,0.00017580873786895968,0.00017580873187769198,0.0001758087457907916,0.00017580873786514914,0.015374219606728856,0.0001758087414488663,0.00017580874126687095,0.00017580875058092565,0.00017580873700825874,0.00017580873477883194,0.00017580874990109858,0.1995777309492536,0.00017580874483390084,0.00017580875914062605,0.05949273861169715,0.7230939884281702,0.00017580874054128718
S24_2013_11532605,0.00011111112954105718,0.00011111112526759896,0.00011111111870329937,0.00011111113561505882,0.00011111112294045189,0.00011111112433740668,0.00011111112891182849,0.00011111112780787897,0.00011111112290530755,0.900168800591706,0.00011111112524039987,0.00011111112395848772,0.0733664499319875,0.00011111112321125763,0.0001111111187740932,0.00011111112544429532,0.024798082596310847,0.00011111112733713055
S24_2013_11584832,7.959249886372743e-05,0.039926719384080454,7.959249617651954e-05,7.959249761737036e-05,0.07039503380102766,7.959249734919162e-05,7.95924966851892e-05,0.07593884592390189,7.959250008668467e-05,7.959250038865393e-05,7.959249441520068e-05,0.018044003408042974,7.959249715139058e-05,7.959249475038859e-05,7.959249136881015e-05,7.959249558897447e-05,0.20037194331960992,0.5943683442028949
S24_2013_11947106,0.03143738255125625,9.416197188094311e-05,9.416196633503534e-05,9.416197132947124e-05,9.416196900608676e-05,0.06747488803790834,9.41619789965074e-05,0.032016227032160165,0.07035534097003138,0.6019564409802303,9.416197620746778e-05,9.416197122726107e-05,0.04697804349065586,9.416196906304049e-05,9.416197243919484e-05,9.416197367979213e-05,0.14874589524689621,9.416197069667967e-05
S24_2013_11191735,0.00019912389488728084,0.00019912389334506133,0.005737546193539984,0.00019912388167755453,0.00019912388163604574,0.0001991238996068881,0.0001991238810077451,0.4896081148661463,0.00019912388134055484,0.0001991238819582094,0.00019912388150564644,0.05682165976479438,0.034604742366190495,0.0001991238772741055,0.00019912386671217913,0.1275199574879769,0.11676746562329156,0.16675015097710907
S24_2013_11831038,0.00022401438428852806,0.00022401436854009495,0.00022401434945808468,0.00022401438872040943,0.08094998043492778,0.12315011102065308,0.24680898138300844,0.00022401436371927621,0.00022401435703747684,0.0002240143600927041,0.15828317699008576,0.00022401438091944928,0.08322205541216998,0.00022401435420106702,0.00022401434495915236,0.00022401437279712173,0.00022401438807236024,0.3048975223463492
S24_2013_11256816,0.15091538218984693,0.06661856717269005,0.00010064413048166804,0.00010064413994190956,0.00010064413975230949,0.00010064413434650397,0.047069892103688386,0.00010064413296373611,0.00010064413586807633,0.00010064413350534624,0.0001006441374089805,0.00010064414254156675,0.025099952383238706,0.00010064413110435443,0.00010064412651378642,0.00010064413904022225,0.708987832388965,0.00010064413810245449
S24_2013_11179684,0.2793420696521591,0.00013650015330943149,0.00013650014246083277,0.12307555585203653,0.047363082595742054,0.0001365001519739173,0.00013650015609136435,0.010171868232852165,0.00013650015448773436,0.00013650015085192048,0.00013650014850801967,0.00013650015423218216,0.00013650015792772275,0.00013650014984851975,0.00013650014353515288,0.00013650015027135697,0.5382729217030635,0.00013650015064850415
S24_2013_11620754,0.00013041213485861063,0.00013041211726958065,0.00013041211889120116,0.015062927164404986,0.008941148124144423,0.00013041212275941797,0.00013041211946159868,0.00013041212302579243,0.00013041211662047068,0.00013041212223425215,0.00013041211774346154,0.0001304121251577398,0.1687803493931651,0.06638153635099296,0.0001304121116306512,0.25140457885143747,0.0001304121210092442,0.4878645146651931
S24_2013_11947552,9.661837016498654e-05,0.048587572537256214,9.661837317600135e-05,0.6106445235053155,9.661837489810731e-05,0.02975038940229429,9.661837157114176e-05,9.661837267977032e-05,9.661837016278886e-05,0.02264134744180896,9.661837071507107e-05,9.661837200440341e-05,9.66183725075798e-05,9.66183668228045e-05,9.661836297014618e-05,9.661837423845715e-05,9.661837364958536e-05,0.2871201282877641
S24_2013_11812815,8.455946488578586e-05,0.014856653867672721,0.009428384978610302,0.0164811631435916,0.060587892163581424,8.455945354368021e-05,0.19215036269660216,0.050951966714484175,0.011341603890170797,8.455945796054035e-05,8.455945706325713e-05,0.003994472357143359,8.455945491399134e-05,8.455946053239241e-05,0.002624581249283735,8.455945498927706e-05,8.455946161787052e-05,0.636906443273353
S24_2013_11594670,0.00024154593002253383,0.00024154593295765635,0.000241545912153959,0.00024154592953297833,0.00024154592541802654,0.00024154593406413048,0.0002415459322738006,0.00024154592950348248,0.00024154591529646294,0.5348507312293457,0.00024154593175493058,0.06218948148199457,0.0002415459206882787,0.00024154591248462176,0.00024154591776236786,0.00024154592112355432,0.00024154593743548063,0.3993365984061874
S24_2013_11742593,0.00010250103663868094,0.00010250103618885215,0.2023369550277423,0.09188986426437183,0.00010250103613376647,0.00010250104044886844,0.00010250103785331491,0.00010250103658306873,0.00010250103401827888,0.00010250104121267393,0.00010250103512517924,0.2110114957386764,0.00010250103684636916,0.4933266704478059,0.00010250103539006077,0.0001025010361984492,0.00010250104050825722,0.0001025010382574606
S24_2013_11161117,0.1125458213478042,0.016583761553119927,8.989572501350944e-05,8.989573973974577e-05,8.989573689707673e-05,0.036424748696547236,8.989573459712557e-05,0.048109225678578095,8.989573270955806e-05,8.989573709280355e-05,0.05949969284319551,0.081498558832095,0.40410908563931236,8.989573377062349e-05,8.989573176687877e-05,8.989573426930326e-05,0.24033014807159037,8.989573190064082e-05
S24_2013_11180865,0.000117453624502866,0.1024261940026247,0.00011745362212098704,0.00011745361852114655,0.00011745362251892858,0.00011745362253164009,0.05158477230677936,0.02913527974294262,0.00011745362090394023,0.6889628106502808,0.00011745362167564471,0.00011745361842823525,0.00011745362177513744,0.00011745362151591567,0.00011745361110451019,0.00011745361830389258,0.1263640462312479,0.00011745362222179473
S24_2013_11832809,0.2903990535502031,0.06767290542987896,0.00020729686087250107,0.0002072968709842405,0.00020729687938016378,0.00020729687147265932,0.00020729686716551934,0.08598447368349521,0.00020729688405889306,0.00020729686892107243,0.00020729687679625207,0.00020729688509899224,0.1625402784882892,0.0002072968679954657,0.00020729686995491918,0.00020729687371611477,0.3907084295004158,0.00020729687130085033
S24_2013_11860237,0.00012889922014888334,0.00012889922176773024,0.00012889920876109551,0.00012889922922111385,0.00012889921474194336,0.30858650676367055,0.00012889921692805554,0.00012889921716413,0.00012889922096332172,0.00012889922059584508,0.006520598436388935,0.052093432576269035,0.2977483753923474,0.00012889922021813125,0.00012889920653529833,0.00012889921703504583,0.25945321051760684,0.07405108569963662
S24_2013_11802041,0.09012356981826534,0.0002153316348028621,0.000215331621192743,0.00021533167218815226,0.0002153316380571937,0.043103133206390566,0.00021533163454077586,0.1962620415043637,0.0002153316326255213,0.0002153316520481297,0.00021533163902242084,0.00021533163545897697,0.00021533163870631242,0.00021533162694108214,0.00021533161840620288,0.00021533163712226337,0.667496612555856,0.0002153316340116095
S24_2013_1290513,0.00022311472007058257,0.0002231147136168198,0.0002231146976370228,0.00022311471594798515,0.00022311470947501024,0.00022311471943049145,0.0002231147115504569,0.00022311471869202837,0.00022311471749977135,0.0002231147078317933,0.10702096896014783,0.07430334109166968,0.7700931408336172,0.04545894315910437,0.0002231146932482573,0.00022311470045126134,0.00022311471785606607,0.00022311471215333381
S24_2013_11478992,9.763719365805875e-05,9.763719448657321e-05,9.763718481899088e-05,0.11113061966747441,9.763719228352695e-05,9.763719014396566e-05,9.763719253554305e-05,9.763719187844026e-05,9.763719439242929e-05,9.763719179062609e-05,0.2518034931201604,9.763719685154097e-05,0.14066492241841327,9.763719326408067e-05,9.763718707502444e-05,9.763719177181822e-05,0.49503404410774554,9.763719125574184e-05
S24_2013_11957122,0.17709783483689814,0.027848181161680387,0.00023245003054846153,0.00023245004883162536,0.01566015825583226,0.0002324500483800771,0.00023245005103556421,0.00023245005547837763,0.00023245004690953622,0.000232450045881012,0.0002324500442714102,0.17455565872498904,0.00023245005154882485,0.0002324500473627417,0.017652997945406347,0.00023245005153722315,0.5843957685053093,0.00023245004809972948
S24_2013_11680305,0.00022311471766431375,0.0002231147055615469,0.0002231147045157791,0.00022311470851295954,0.0002231147058394877,0.0002231147085703452,0.00022311470222006666,0.00022311471953403888,0.00022311471392795886,0.0002231147034372726,0.00022311470639682673,0.00022311472647625186,0.4339500156210327,0.00022311471925290602,0.0002231147034605991,0.5624801489952441,0.00022311472524553572,0.0002231147131073436
S24_2013_11460698,0.014037727507863623,0.41175629758021715,0.0002394636152055635,0.00023946362708509458,0.0002394636243432082,0.00023946362993079615,0.00023946362888179336,0.0002394636329769337,0.00023946362912836855,0.00023946363926512028,0.00023946363227323088,0.0002394636284481125,0.0002394636301324115,0.00023946361790956394,0.00023946361730045162,0.00023946362590641788,0.5706140205034622,0.00023946362966997266
S24_2013_11619166,0.1047277006211087,0.012508381584549142,0.0001736111206960095,0.00017361114232538634,0.006174426214895035,0.00017361112624718111,0.00017361112747560145,0.0001736111285654229,0.0001736111446901062,0.00017361113153784938,0.0001736111421175746,0.0001736111388319356,0.44197055633571497,0.148983749754421,0.00017361111866220013,0.0001736111247770087,0.28355185191696725,0.0001736111264177181
S24_2013_11828498,0.0507158318249894,0.5363534852324173,0.00794836030241594,0.0001420858348123727,0.0001420858454233354,0.00014208583652571043,0.0001420858551735654,0.08564607719104382,0.00014208583577053047,0.00014208583940462897,0.025895218943762868,0.0001420858389205444,0.00014208584342820913,0.0001420858292446884,0.0001420858249677635,0.00014208586422977053,0.2917359964151138,0.00014208584235576727
S24_2013_11646732,0.0002042484007170616,0.00020424838924566695,0.00020424837737959028,0.00020424839224571264,0.00020424839668390616,0.00020424839594458097,0.00020424839864306978,0.00020424839831358283,0.00020424838542477,0.00020424839966656365,0.00020424841604018784,0.0002042484002957704,0.4095567602516385,0.22504343097568566,0.0002042483816481253,0.1988394795264566,0.00020424840600636015,0.16370085170796425
S24_2013_11912726,0.00013785499411198284,0.00013785499737024474,0.00013785498852048592,0.2155417134228798,0.00013785499248329715,0.0001378549959432023,0.00013785499751674268,0.7822526066977018,0.0001378549886668159,0.00013785500013450855,0.00013785499001478743,0.00013785499056273692,0.00013785499214340554,0.00013785498619701454,0.00013785498253064509,0.0001378549900555891,0.00013785499871752895,0.00013785499444939517
S24_2013_11666987,0.0001763668734885341,0.00017636686222338992,0.00017636685737262348,0.04150382538344316,0.0001763668645339894,0.00017636686744061466,0.00017636686221748118,0.0001763668637871215,0.00017636686473639096,0.0001763668668487453,0.0001763668602938113,0.0604368533157109,0.108219940383586,0.00017636685834438473,0.00017636685008420272,0.0001763668771488252,0.00017636686804196972,0.7873702448206978
S24_2013_11590697,0.00019770662082082053,0.0001977066293791917,0.00019770662110048576,0.0001977066371043478,0.00019770662351191877,0.0001977066315147193,0.00019770661815883152,0.0001977066237395175,0.00019770662980742834,0.9795225265245235,0.017314167455536707,0.00019770662707829795,0.0001977066265960841,0.00019770662797708534,0.00019770661695966434,0.00019770662775614304,0.00019770663170169038,0.00019770662673358467
S24_2013_11183838,0.00011820332473751156,0.00011820332619153101,0.007079157247034478,0.00011820333537894058,0.00011820332706718682,0.00011820332630533249,0.00011820332231516479,0.16771981671416145,0.00011820332652591281,0.010821428896694227,0.07856751997419699,0.0001182033281783361,0.00011820333075464388,0.00011820332872498698,0.00011820332020468738,0.00011820333230688769,0.08657510867464875,0.647818528564573
S24_2013_11213182,0.004277059482854088,0.00016436560074545818,0.00016436556644748563,0.00016436558301958083,0.02649219811762609,0.0001643655799075021,0.0001643655651894545,0.13030952552904015,0.0470940009598004,0.00016436559476930502,0.0001643655756784411,0.0001643655690965958,0.7490562439338015,0.00016436557322389373,0.00016436557175550438,0.00016436557771040125,0.00016436558036796528,0.04079858503896626
S24_2013_11842651,0.04429814417028406,0.11204034235095742,0.00020885548162281827,0.00020885551235878865,0.00020885550240261415,0.00020885549566131416,0.0002088555282478572,0.04263514953003154,0.00020885549021964055,0.00020885549997553393,0.0002088555013321906,0.0002088554991398119,0.00020885550478889136,0.00020885549492771356,0.00020885548810847167,0.00020885550824670897,0.798102386944018,0.00020885549767649426
S24_2013_8789495,0.00024801591413229176,0.0002480159186503801,0.24018908153614651,0.009271984913755261,0.0002480159065885746,0.000248015916957696,0.0002480158976437744,0.000248015912083546,0.05500264480926289,0.44021081100694665,0.000248015912546655,0.00024801590866541584,0.0002480159122467499,0.0002480158954318072,0.00024801588288444874,0.0002480159068731935,0.25210127094260176,0.0002480159065823067
S24_2013_11488901,0.007319841357675429,0.00011384336601648927,0.0001138433577203001,0.17437297667294466,0.705657912765577,0.00011384336641627409,0.00011384336671502772,0.00011384336551320031,0.00011384336756900148,0.00011384336412484378,0.00011384336996186195,0.00011384336723768282,0.11105546209282745,0.00011384336201380873,0.00011384335716577974,0.00011384336741880876,0.00011384336684074467,0.00011384336626174964
S24_2013_11528434,0.0001234568108332876,0.00012345681258646982,0.00012345679883918345,0.00012345680596814358,0.00012345680514523567,0.12117496928725824,0.00012345680677568218,0.00012345680661498306,0.00012345680902917265,0.0001234568062610068,0.024821900577954477,0.00012345680784069254,0.45338314306506006,0.00012345680123873267,0.00012345679424875382,0.00012345680861224526,0.057204208334825125,0.3418108402609086
S24_2013_11778856,0.00018096275114721293,0.000180962746204276,0.00018096273173141508,0.00018096274228720125,0.00018096275035127805,0.00018096274181023445,0.00018096274658870783,0.00018096274281260085,0.00018096274887975864,0.00018096274236524678,0.28818622455317505,0.0001809627529133599,0.18443862397866928,0.00018096274831514868,0.00018096272961891732,0.22473956064168726,0.3001021124051868,0.0001809627462561051
S24_2013_11887877,0.09072091899728348,0.06692275311976645,0.00021616949027099096,0.00021616950091524843,0.00021616950148174464,0.0002161694944924629,0.08123488227174144,0.0002161695098255198,0.00021616949464720706,0.00021616950371942454,0.0002161695051167725,0.00021616950665162717,0.00021616951418009802,0.00021616948833500635,0.00021616948576123104,0.09187275366099655,0.0002161695157483449,0.6664384884390664
S24_2013_11902465,0.13734856116336203,0.00020576134723509818,0.00020576132985963144,0.00020576134523492422,0.3435527567964665,0.00020576134238144549,0.05077670634889022,0.039709913466045466,0.00020576133921912352,0.0002057613702108262,0.03596143519412798,0.0002057613392194322,0.0002057613363174299,0.01741384128345195,0.3729734109681568,0.00020576133847862102,0.00020576134479510105,0.00020576134654728043
S24_2013_11882591,0.0002548420280082365,0.0002548420409877645,0.00025484201454738,0.00025484201954452124,0.00025484202345865095,0.0002548420260855177,0.00025484204078316425,0.0002548420274162613,0.05173694740257951,0.00025484203302596746,0.00025484204034944506,0.05881455048702897,0.0002548420348698257,0.0002548420215414353,0.0002548420191329537,0.00025484203048598616,0.8856258716789478,0.0002548420312066784
S24_2013_11929305,0.07862492496783564,0.00013227516046208094,0.00013227514172914448,0.00013227515956298934,0.00013227515747324717,0.15042510900860584,0.0001322751498753507,0.0001322751518716641,0.03614290412723192,0.00013227514962955942,0.2525050958609574,0.0001322751532328405,0.06861604543131357,0.00013227514857681492,0.0001322751402046456,0.00013227515450727525,0.4120986187876152,0.0001322751493146076
S24_2013_11226423,0.00010462441556800144,0.01292488515185649,0.180263213513311,0.039096867302711565,0.00010462441412221544,0.00010462441684702007,0.00010462441764177424,0.00010462441499414249,0.00010462442143279882,0.00010462440948037682,0.00010462441394608651,0.00010462441047099043,0.00010462441125869408,0.00010462440649820822,0.7096749784706566,0.00010462440755365399,0.05667993818807626,0.00010462441357421256
S24_2013_11563099,0.23904921470298462,0.00015096620390973848,0.00015096621486413575,0.0001509662088564058,0.00015096620485034615,0.00015096620205261562,0.00015096620094502195,0.33756511306986814,0.00015096620590726977,0.00015096620661010112,0.010426051479186906,0.11791249384838949,0.00015096620428281345,0.00015096620321706768,0.00015096619130746956,0.00015096620339040767,0.29308456624920504,0.00015096620017250568
S24_2013_11546506,0.00022045859279149385,0.0002204585814152921,0.00022045857096294403,0.0002204585855088339,0.00022045857889392694,0.00022045858179339656,0.00022045858151869074,0.00022045858479565625,0.0002204585801113148,0.00022045857762695826,0.00022045861204053065,0.00022045858292434628,0.38809231401085276,0.033802259672915384,0.00022045856005369437,0.00022045857619377128,0.5652196772786954,0.009799328890905545
S24_2013_11913335,0.00011671337551731298,0.00011671336860674473,0.023401052919897882,0.00011671336521511392,0.0001167133759446202,0.053644018599405895,0.00011671336520956289,0.6315581196577501,0.00011671336412944153,0.07761143084735156,0.00011671336698741815,0.00011671337541611592,0.06389203626931478,0.00011671336107275837,0.00011671336508293901,0.00011671336467941577,0.00011671337140946937,0.1484927812870089
S24_2013_11439371,0.00019493179681453297,0.00019493180310364716,0.00019493180540604881,0.26180094419896893,0.06683564623308218,0.15663121291825274,0.00019493180179867394,0.0985212254916605,0.00019493179554537824,0.00019493179927555155,0.0001949317950741706,0.00019493179253950494,0.0001949318353605344,0.00019493179736071852,0.00019493179344793845,0.00019493180042878312,0.41367685773754453,0.00019493180433569117
S24_2013_11510177,0.02811508944306368,0.00019912390618274413,0.0001991238646723115,0.02117181710346007,0.01597123079413196,0.00019912387785479843,0.00019912387823624046,0.00019912388067817107,0.35228328978871676,0.0001991238820592287,0.00019912387351560783,0.11640227888804645,0.00019912392122508677,0.012883713890105104,0.09927094378892753,0.02939090183402628,0.3227186195107811,0.00019912387431686974
S24_2013_11825951,0.00012980271656533586,0.00790486695426342,0.10503527545748205,0.00012980271929538062,0.00012980271636990037,0.00012980271554623068,0.49614784090112424,0.0001298027192438266,0.00012980272352671235,0.00012980271464005212,0.04985580534418345,0.0001298027180805229,0.00012980271656331605,0.029397669847010643,0.00012980270750008251,0.00012980271837181057,0.0001298027252211678,0.31010090888501185
S24_2013_11202845,0.00011550013774649343,0.00011550013529180749,0.000115500142394322,0.022613102667025757,0.0001155001287218502,0.00011550013311339669,0.00011550012833642206,0.00011550013107299435,0.00011550012747255732,0.0001155001360349301,0.09335973692411254,0.023417262000877872,0.04814680369916706,0.00011550012596518486,0.00011550013707215562,0.19178291243914417,0.0001155001323354364,0.619294180674115
S24_2013_11780806,0.23374904702087876,0.17878579827184238,0.0001915708969405659,0.0001915709124692689,0.0001915709046070099,0.00019157091712861173,0.00019157090206542608,0.00019157090996688657,0.00019157091855538595,0.041527469221409694,0.00019157090991391156,0.12533602697243973,0.2815911466829181,0.00019157090494092594,0.00019157096610264687,0.0001915709120433809,0.13671166086870845,0.00019157090706887868
S24_2013_11787114,0.0002286237237581287,0.0002286237143420925,0.00022862369455469423,0.00022862373369934925,0.5770517202656171,0.0002286237148378666,0.02776701518067805,0.00022862370886584182,0.00022862372471909673,0.00022862371317060217,0.0002286237127788967,0.11463866530180555,0.25664308405157005,0.00022862374101165683,0.020927406863815615,0.0002286237194324493,0.00022862372438756177,0.00022862371095543323
S24_2013_11154896,8.016675786916962e-05,8.016675983317384e-05,8.016675931823577e-05,8.016675865766934e-05,8.01667579247373e-05,8.016675808839348e-05,8.016675827585746e-05,0.020151547882078402,8.016675592077588e-05,0.058403455135960625,8.016675565737567e-05,8.016676180333997e-05,0.8967718467864474,8.016675586375671e-05,8.016675978602964e-05,8.016675796428758e-05,0.02355081557987525,8.016675867549601e-05
S24_2013_11415029,0.022648438224472926,0.3057057657137943,0.0001839588083919906,0.00018395881751660665,0.35617817877862157,0.00018395881633499606,0.0001839588185191264,0.00018395881487834017,0.00018395883080943605,0.00018395881416293327,0.0001839588138955038,0.0001839588259243429,0.05963080410631904,0.1312479103622949,0.00018395880730726508,0.05757729871249063,0.00018395882218846468,0.06498805711207747
S24_2013_11395792,0.0001469723896474765,0.00014697239483816543,0.6919346094731011,0.0001469723897237716,0.00014697238801623922,0.00014697238871957353,0.00014697238847510122,0.19327878861223052,0.00014697238243598784,0.00014697239217827042,0.00014697238411120087,0.00014697238503209002,0.00014697238679206072,0.00014697237970870322,0.00014697237801047995,0.02559452771766778,0.08713446078028364,0.00014697238902756452
S24_2013_11873542,0.00014894252872009535,0.0001489425298148589,0.00014894251463817655,0.012791083867328261,0.00014894252365321036,0.0001489425232323359,0.00014894252601555669,0.00014894252571018008,0.00014894252180671903,0.9382709412342369,0.000148942522956162,0.0001489425264336123,0.00014894252561088538,0.00014894251960851157,0.00014894251704611455,0.00014894252556151564,0.04670383704334196,0.00014894252428485167
S24_2013_11608412,0.0001605652204865971,0.054171067390589134,0.00016056520085623178,0.00016056520887229838,0.0001605652136466001,0.0001605652090970938,0.0001605652116252391,0.00016056520952850971,0.0001605652083063302,0.731413089104008,0.0001605652091650462,0.0001605652137541748,0.00016056521691526344,0.00016056520367054475,0.0001605651991493232,0.0388690700262934,0.00016056521910029928,0.17329886053493582
S24_2013_11662755,0.0001420858416508432,0.032362043663719635,0.047740354915612404,0.00014208584392560542,0.0001420858370466147,0.22329052511993353,0.0001420858432945729,0.3926835805513548,0.00014208584099361285,0.00014208583360004353,0.07288737367290478,0.00014208583785646012,0.05891629611496869,0.0001420858479945219,0.1503243394596482,0.0001420858475200225,0.00014208583364780378,0.020374628094327836
S24_2013_11441983,9.384385315572305e-05,9.384385391829794e-05,9.384384912841544e-05,9.384385304801182e-05,9.384385258190349e-05,9.384386818616208e-05,9.384385798721585e-05,9.384385452760638e-05,9.384385232245944e-05,0.9984046544780666,9.38438518677729e-05,9.384385209118075e-05,9.384385282725238e-05,9.384385024053586e-05,9.384385234793404e-05,9.384385939058291e-05,9.38438554753904e-05,9.384385283677526e-05
S24_2013_11866265,0.09905987605971299,0.051404435142350206,0.00013854255132458355,0.00013854254669104637,0.00013854254845926825,0.00013854255357829612,0.0001385425441747663,0.00013854255717893828,0.0001385425520775048,0.0001385425530882009,0.00013854255392904824,0.18509967220509485,0.00013854255350678144,0.00013854254603290792,0.0001385425405339284,0.04178058706125946,0.6208543763778033,0.0001385425532040026
S24_2013_11571767,0.00012626264721209452,0.04994017890174886,0.0001262626411527437,0.016446422373442685,0.00012626264192189284,0.00012626264642263935,0.00012626264476138136,0.00012626264752739063,0.00012626264301257508,0.578474923863098,0.00012626264185002547,0.00012626264529996093,0.021305137582518226,0.0001262626393472028,0.00012626263506690166,0.00012626264899896498,0.33219192291479943,0.00012626264181906643
S24_2013_4069509,0.00019157090439679412,0.0001915708997747472,0.00019157088962852613,0.00019157091226879136,0.00019157091619703267,0.0001915709098360947,0.00019157090433413705,0.00019157090111837996,0.00019157089859694984,0.0001915709089634185,0.00019157090470422816,0.053694128451050496,0.9432407370944303,0.00019157089725563094,0.00019157089493167828,0.0001915709025526525,0.000191570909958858,0.00019157090000151769
S24_2013_11360755,0.08216062349586793,0.00015964241732524293,0.12576452724046502,0.0001596424175848136,0.0001596424250796056,0.00015964242384525296,0.028383370084831515,0.044555923696941314,0.0001596424119539574,0.0001596424166892858,0.23587545962951562,0.00015964241452949223,0.00015964242076684564,0.0001596424201955877,0.0001596424097074225,0.0001596424192123899,0.00015964241937060165,0.48134438683611813
S24_2013_11286801,0.0001902587825078162,0.00019025878391834368,0.00019025876991605052,0.00019025878199354065,0.0968546906610049,0.00019025877495853051,0.0001902587743481813,0.0001902587860345962,0.6065426995493846,0.00019025877106372262,0.00019025877248047662,0.00019025878657390435,0.00019025878074892683,0.00019025877691517977,0.0001902587730726538,0.00019025878100032383,0.29374872810738434,0.00019025878669383446
S24_2013_11290007,0.05874786570687115,9.432183931478947e-05,9.432183326961456e-05,9.43218434133961e-05,9.432183697654251e-05,9.432183818162343e-05,0.5734806577196464,0.020404817132669676,9.432183950170316e-05,0.032445523607435814,9.432184586876687e-05,9.432184154725958e-05,0.02673033129272414,9.43218387042133e-05,9.432183104384434e-05,0.26477930260779375,0.022373961705247216,9.432183979025773e-05
S24_2013_11656335,8.917425563049148e-05,8.917425560524168e-05,8.917425008094298e-05,8.917425515092167e-05,0.5607794074398303,8.917425678810327e-05,8.917425574316819e-05,8.917426008661896e-05,8.917425392099713e-05,8.917426045442491e-05,8.917425418352324e-05,0.3368168562309979,8.917425626363711e-05,8.91742547955091e-05,0.10106612248812456,8.917425586250546e-05,8.917425952113792e-05,8.91742569600694e-05
S24_2013_11402957,8.586640153168317e-05,8.586640330567284e-05,8.586639798967081e-05,8.586640008158762e-05,0.1666083765999719,8.586639945372763e-05,0.16435190202836428,0.6376923401024677,8.58664017848204e-05,8.586640019641102e-05,0.03014525166315892,8.586639851433226e-05,8.586640008594478e-05,8.586639831531799e-05,8.586639623891593e-05,8.586640109600318e-05,8.586640229248861e-05,8.586640515058209e-05
S24_2013_11326255,0.00018768772180989237,0.0001876877125335656,0.00018768770208169283,0.00018768770921284085,0.8514379432728177,0.00018768772034632327,0.0001876877119858565,0.039302037306529126,0.00018768770182340505,0.07557639193679618,0.0001876877109657794,0.00018768771206678127,0.00018768772499873818,0.00018768770430475842,0.00018768769453403266,0.03105599951901302,0.00018768771900339062,0.00018768771917682448
S24_2013_11015127,0.07363538751362939,0.0002436647459612499,0.0002436647259916539,0.00024366474846315153,0.00024366474467908767,0.00024366474869414926,0.0002436647500074433,0.00024366474513342912,0.0002436647474719442,0.00024366474509266337,0.00024366474072331796,0.2102136733235901,0.0002436647639925114,0.0002436647526501418,0.00024366472896218246,0.04928241437573897,0.6634572183550891,0.000243664744129602
S24_2013_11575808,0.10314612473317313,0.000152207016266764,0.00015220708240657756,0.0001522070197655338,0.00015220702224725147,0.00015220702875216315,0.00015220702259914704,0.0001522070181996754,0.0001522070353858393,0.00015220702011717164,0.013891841992149942,0.02108387169577549,0.07352162696166736,0.00015220701765258213,0.0001522070256651477,0.00015220701922174636,0.7863778432685163,0.0001522070204382147
S24_2013_11737324,0.00016583750573561127,0.26925642111723724,0.00016583748662185686,0.00016583749526391316,0.00016583749972792175,0.0001658374974237723,0.0001658374958777412,0.0001658374981738661,0.0001658374955175092,0.00016583749383340392,0.0001658374927266079,0.00016583750821332952,0.6313843910883455,0.00016583749411705256,0.00016583749068163942,0.00016583749676337824,0.09687162534918581,0.0001658374945539128
S24_2013_11297631,0.0001288992226057735,0.13733378614587766,0.00012889920747357407,0.053911700171922455,0.00012889921583130641,0.00012889921333938606,0.00012889921870096904,0.0001288992155533754,0.00012889921380053736,0.000128899220320287,0.0001288992205899191,0.0047063306151811654,0.00012889922134478416,0.00012889921378804461,0.010494495870509374,0.057069140944865406,0.7349377556509004,0.00012889921739569585
S24_2013_11884807,0.5943859758144386,8.443094706268993e-05,8.44309427345128e-05,8.443094767814305e-05,8.443094916629185e-05,0.049645925624849756,8.443094754245706e-05,0.22243267694420538,0.0374243561393368,8.44309484410998e-05,8.443094664490804e-05,0.01731334719596435,0.05380295211741321,8.443094861961093e-05,8.443094851246012e-05,0.02406602574084452,8.443094813510945e-05,8.443094840994849e-05
S24_2013_11295877,0.09028590099932914,0.00016989468888677686,0.00016989468037013154,0.00016989468632588943,0.5810692503846454,0.00016989468551044715,0.0001698946983200753,0.00016989469040788686,0.00016989469313896414,0.00016989469594915526,0.00016989468688248218,0.04482825633715085,0.00016989469047269047,0.00016989468115147165,0.28143806662064774,0.00016989468743272936,0.0001698946960519156,0.00016989469732629366
S24_2013_11783821,0.08323057883176353,8.206139492437384e-05,8.206139652774824e-05,8.206139113197266e-05,0.18619086752412453,8.206139710223257e-05,8.206139518829778e-05,0.4274122344407386,8.206139213492674e-05,8.206139444074767e-05,8.20613919847805e-05,8.206139224632212e-05,8.206139158988999e-05,8.206139308681681e-05,8.206138965556787e-05,8.206139064444702e-05,8.20613937138635e-05,0.30201745969900123
S24_2013_8277275,0.0002491280842739378,0.7552732653291757,0.0002491280811719976,0.00024912806365330793,0.0002491280673508928,0.0002491280845645584,0.00024912807032066985,0.0002491280824961306,0.00024912809365643394,0.0002491281396212131,0.0002491280726213979,0.0002491280802061411,0.0002491280744938759,0.00024912807706361487,0.24074068535348378,0.0002491280740645688,0.0002491280883474763,0.0002491280834342651
S24_2013_11595043,0.00014467594816075592,0.006600782465285706,0.00014467593233481705,0.00014467593936147563,0.0690590634644294,0.00014467594992246182,0.0001446759435838413,0.00014467594458269278,0.00014467593705454052,0.00014467594857514704,0.005723893411468937,0.0001446759439755112,0.22972242084699473,0.00014467594086521918,0.00014467593440114205,0.34020780684723073,0.3469499216545849,0.00014467594718798774
S24_2013_11951692,0.00014543341517358986,0.00014543341204430025,0.32110706294302854,0.00014543340904527225,0.0001454334098688458,0.0001454334202367801,0.00014543341874750045,0.21455159945966,0.00014543341284617247,0.02843617248951225,0.00014543341108525895,0.00014543341979630356,0.1565788306272101,0.0001454334285812217,0.00014543339652149727,0.00014543340983977392,0.1328082553438741,0.1447728781729284
S24_2013_10547763,9.938383659091077e-05,0.20836472400536782,9.93838356165219e-05,9.938383762890353e-05,9.938383268358897e-05,9.938383634100863e-05,0.6513585209956587,9.938383516779758e-05,9.938383566181422e-05,0.051509632229775316,9.938384455625575e-05,9.938383250347681e-05,0.0046287573852740755,9.938382804249683e-05,9.938383398071151e-05,0.08284637552219859,9.938383605596649e-05,9.938383689601212e-05
S24_2013_11385582,0.06332549174588029,9.83284305471847e-05,9.832842181530835e-05,9.832843441087444e-05,9.83284278702887e-05,9.832842710079285e-05,9.832843222103416e-05,9.832842769291498e-05,9.83284264351102e-05,0.4947826612405327,9.832842958008132e-05,9.832842802412882e-05,0.009241750048279703,9.832842418135726e-05,9.832842135933711e-05,0.010067319069677413,0.42130450833485894,9.832842953271521e-05
S24_2013_11563383,0.00014029182967214952,0.0001402918269720906,0.0001402918176666174,0.00014029182061848784,0.04770630964604912,0.00014029182153691883,0.0001402918319505448,0.6726492156105535,0.00014029182901702808,0.00014029182463659308,0.07975339755095591,0.00014029182351461098,0.00014029182332107258,0.0001402918211852803,0.11729766879688433,0.014839901673332278,0.00014029183179327718,0.06607000482034009
S24_2013_11406564,0.00010403662298419835,0.00010403662171697485,0.00010403662137556701,0.00010403662265289733,0.000104036625889605,0.00010403662174727674,0.00010403662160639862,0.00010403662202504376,0.00010403662622922988,0.00010403662167648803,0.00010403662160853907,0.00010403662660022557,0.00010403662234629515,0.00010403662374704629,0.00010403662251909875,0.00010403662244905208,0.0001040366242951111,0.9982313774085311
S24_2013_11589052,0.00020056160038973284,0.6615331526904001,0.0002005615863894164,0.1646566938436513,0.00020056160216857665,0.00020056160370493796,0.0002005615982521593,0.0002005615939826663,0.00020056160063826114,0.052436757967495515,0.0002005615969295338,0.11856553313518665,0.00020056160029349168,0.0002005616091123541,0.00020056158484757245,0.0002005615912474043,0.0002005615986052268,0.00020056159670512423
S24_2013_11395528,0.0001277139384060653,0.19007606870864327,0.0001277139294690961,0.00012771393633949842,0.0001277139389667901,0.00012771393490656547,0.34649841338156445,0.00012771394076139945,0.0001277139408601163,0.014013943997727341,0.15215564333569181,0.00012771394883310817,0.09646580033684703,0.00012771393674064423,0.0001277139305156315,0.06340910821386093,0.00012771394505494053,0.13597616870481125
S24_2013_11601126,0.00019493180514336628,0.0001949318019220088,0.0001949317849942358,0.00019493180985997113,0.14638358930074602,0.00019493180361395635,0.3438158376046087,0.24259376397015073,0.00019493180820327597,0.0001949317987663747,0.00019493180340970817,0.00019493180234254353,0.00019493181296633484,0.00019493179296163632,0.0001949317966132862,0.04900204104068267,0.21567065466000335,0.00019493180301197733
S24_2013_11645688,0.0001392369974566962,0.00013923700035972894,0.0001392369884420971,0.0001392369959960059,0.1744108880689791,0.00013923699612414898,0.00013923699833483707,0.00013923699567003705,0.00013923699578625079,0.00013923699486072803,0.00013923699609602993,0.00013923699826478268,0.7711468123404941,0.00013923699571480967,0.00013923699141745802,0.05235374464954455,0.00013923699957896156,0.00013923699687976463
S24_2013_11867877,0.00016436556829914464,0.00016436556888108677,0.00016436556304912604,0.00016436556735730226,0.000164365569817402,0.00016436557882188604,0.00016436556672089602,0.006188100766560217,0.004543069315789208,0.00016436557052463028,0.00016436557305516336,0.04640659023490136,0.00016436557052821826,0.00016436556874674287,0.00016436555733347207,0.00016436557007295448,0.9405611217220409,0.0001643655675002042
S24_2013_11212760,0.00016733603433538943,0.00016733603174687002,0.0001673360232977642,0.0001673360335978075,0.0001673360409334478,0.00016733603523532624,0.00016733603413098276,0.0001673360365764857,0.0001673360294892661,0.00016733603371385267,0.00016733603067750367,0.00016733603325104113,0.9546360958854947,0.00016733602152079225,0.01107235449020655,0.00016733603060631452,0.03178150913881424,0.00016733603637167135
S24_2013_11933058,0.49826067932997264,0.00016056521581635656,0.00016056519970011237,0.00016056521304393256,0.00016056521522996652,0.00016056521509766902,0.00016056521562058277,0.00016056521148318412,0.00016056520775754822,0.000160565212007398,0.00016056520767824292,0.1684217060541773,0.0001605652153125705,0.0001605652186801049,0.0001605651988495578,0.13936059959296024,0.19170910206171024,0.0001605652149023969
S24_2013_5301555,0.10840557368792646,8.063216832647966e-05,8.063216310969198e-05,0.023662428987879264,8.063216634931659e-05,8.063216884604616e-05,8.063216725736506e-05,8.063216680685268e-05,8.06321696432823e-05,0.5988407102070032,8.063216559289269e-05,8.063217087991876e-05,0.09245957595710992,8.06321677775387e-05,0.0013617275929716278,0.03365628380115096,0.0550994831818748,0.08570789490949433
S24_2013_11280371,0.05999564970262845,0.00011223346081702726,0.034512922767667424,0.0230338730773067,0.000112233461474304,0.00011223345833793955,0.08154569479224733,0.00011223346117099562,0.00011223345877410812,0.016484343153513294,0.00011223345703078196,0.0783277532592192,0.20198380943774907,0.00011223346277044726,0.00011223345439864288,0.13510844091559374,0.10622081983178254,0.26188882538751795
S24_2013_11403993,0.00013419218578413557,0.0001341921783667511,0.00013419218779717917,0.8039477219800516,0.00013419217830067662,0.0001341921872962495,0.00013419217463277996,0.00013419219261323734,0.00013419218000179425,0.0001341921784449202,0.18228094614313242,0.00013419218766766317,0.00013419218641471138,0.00013419218046757092,0.011758449134113268,0.000134192179675734,0.00013419218308038198,0.00013419218215873785
S24_2013_3660437,0.03536437174643676,0.00011044844549915029,0.00011044843029445311,0.3208799618657599,0.00011044844319651257,0.00011044844712029048,0.00011044845073721858,0.027174149493823033,0.09055734585405086,0.00011044843589078811,0.00011044843179438699,0.04205082802080805,0.00011044844684372607,0.00011044844980204211,0.00011044842686971438,0.00011044846606120282,0.48264796171091356,0.00011044843409832724
S24_2013_11591880,0.18996262408224268,0.000152625171626744,0.00015262518077509025,0.00015262517704622353,0.00015262517444746012,0.0001526251937794448,0.025856672705597984,0.45660699503752006,0.00015262516852775147,0.0001526251787383925,0.15191287976796997,0.00015262517782494556,0.00015262517883062274,0.00015262516645683883,0.0001526251623473753,0.04804275051905493,0.00015262517844053512,0.12578657577877309
S24_2013_11238598,0.00021958720794135623,0.1250394969449616,0.00021958718635134105,0.00021958720551766098,0.00021958724249649195,0.00021958720799098748,0.00021958721540102252,0.00021958722547383807,0.0002195871950840223,0.00021958721283240929,0.0002195872095410152,0.00021958721250110765,0.00021958722538056226,0.00021958719307391133,0.000219587193714916,0.00021958720705087553,0.8714471076977559,0.00021958721693094013
S24_2013_10346803,0.0403865369711745,0.357696842794681,9.661837603221001e-05,0.05854604212580619,9.661836814661914e-05,9.661837953942071e-05,9.661836721665231e-05,0.026450364828952626,9.661837323635659e-05,0.17130583556567866,9.661837124616402e-05,0.16450792169560674,0.009287128293843695,9.661836512889973e-05,9.661836373216325e-05,9.661836960324832e-05,0.17085314401915475,9.66183712200193e-05
S24_2013_11765316,0.0001351716862360134,0.18661657856000624,0.00013517170088106188,0.00013517168301320744,0.00013517168590819765,0.0001351716844568346,0.00013517168258520275,0.00013517168907274717,0.00013517168895880525,0.00013517168067673943,0.00013517168300524357,0.07514197104881985,0.22585944777498415,0.2916077111189835,0.00013517167929498927,0.10373931872035436,0.00013517168668898615,0.11541291254607383
