,0,1,2,3,4,5,6,7,8,9,10,11,12,13,14,15,16,17,18,19
S24_2013_11735526,0.00020080321727029745,0.0002008032192023743,0.00020080321657481553,0.15829073630851534,0.00020080321813793718,0.0002008032174024686,0.02508787480136137,0.00020080321640882084,0.057768772011464235,0.5412587005913906,0.0002008032184199292,0.00020080321570291128,0.00020080321606098366,0.00020080321536770798,0.00020080321681058025,0.00020080321711806614,0.050331305582473077,0.0002008032194758354,0.1644513656641195,0.00020080321672320833
S24_2013_10819863,0.00020576132068375675,0.00020576131938348374,0.00020576132197963574,0.08271292347954601,0.000205761319821234,0.00020576132238601694,0.00020576132328539758,0.00020576132184741856,0.2116799800168529,0.1561987317021274,0.00020576132005301333,0.00020576131921783174,0.00020576132158916133,0.02587414999090922,0.30807556626252114,0.00020576132120579978,0.2125779900526033,0.00020576131912426992,0.0002057613227181799,0.00020576132214485473
S24_2013_11445294,0.00015822785057926754,0.0001582278498599406,0.00015822785198629135,0.00015822785035045158,0.0001582278512730263,0.00015822785106605402,0.00015822784961769585,0.00015822785141130242,0.024572087175195025,0.00015822785260060363,0.0001582278504644251,0.00015822785034156202,0.00015822785130945754,0.00015822785056053307,0.0001582278527666146,0.0001582278505773209,0.9725798115056772,0.00015822785241079843,0.00015822785138631514,0.00015822785056609755
S24_2013_11532605,0.00010000000191393298,0.00010000000169182705,0.00010000000194746024,0.00010000000336176893,0.012736900834277263,0.6486011816928619,0.04207965979533909,0.026030858115499145,0.13745876560676443,0.024081464159370996,0.00010000000222112238,0.0001000000020996168,0.00010000000220944295,0.00010000000181266743,0.00010000000178207808,0.00010000000200159288,0.044286196354242295,0.00010000000113340104,0.0635249734173591,0.00010000000211080837
S24_2013_11584832,7.163323912257777e-05,7.163323963751277e-05,7.163323889628582e-05,7.163323934744088e-05,7.163323938504697e-05,0.018759467617403595,7.163323888663406e-05,7.163323901508544e-05,7.163323924674704e-05,0.18285216653351058,7.163323943579558e-05,7.163324052114628e-05,0.6328142259788699,7.163323878081616e-05,7.163323949134929e-05,7.1633238986806e-05,0.1152806377258457,7.163324088339726e-05,7.163323940181684e-05,0.04921900355333167
S24_2013_11947106,8.474576517597388e-05,8.474576363377412e-05,8.474576414138576e-05,8.474576431899459e-05,8.474576442404021e-05,0.3627195877503625,8.47457637775884e-05,8.474576446512396e-05,0.0930181879944235,0.07829638906424385,0.3040754862104021,8.474576376421022e-05,8.474576413288155e-05,8.47457636628538e-05,8.47457644360611e-05,8.474576485234439e-05,0.10169563813870262,8.474576433831714e-05,0.05900827014198509,8.474576475686449e-05
S24_2013_11191735,0.14593562482917563,0.0001792114716072907,0.00017921147284926636,0.0001792114729175113,0.0001792114721114544,0.00017921147238442113,0.00017921148048639793,0.0001792114729905451,0.2569495735083118,0.12543464426517864,0.2202224079726942,0.00017921147225989412,0.1259696962460051,0.00017921147145189757,0.12297909255477493,0.00017921147448847615,0.00017921147355634797,0.00017921147126748023,0.00017921147347221887,0.00017921147201629427
S24_2013_11831038,0.00020161290710462258,0.0002016129051825782,0.0002016129084439105,0.00020161290728053024,0.00020161290692243005,0.00020161290583908535,0.0002016129078825019,0.0002016129077212904,0.1079825454036756,0.00020161290735945148,0.0002016129069424683,0.00020161290523679234,0.23550177865948252,0.0002016129061368673,0.23755353338009164,0.4157363360480793,0.00020161290729915992,0.00020161290474020657,0.00020161290724825053,0.00020161290733074495
S24_2013_11256816,9.057971174559414e-05,9.057971137500353e-05,9.057971215893066e-05,9.057971166572093e-05,0.032397518010840336,9.057971155133432e-05,9.057971276946026e-05,0.14406879237237907,9.05797119636901e-05,0.7692907170844787,9.057971123422325e-05,9.057971108897511e-05,9.057971202469523e-05,9.057971263505183e-05,9.057971243209971e-05,9.057971186448908e-05,0.0527936971434222,9.057971087205985e-05,9.057971190020383e-05,9.057971159820422e-05
S24_2013_11179684,0.00012285012466148136,0.0001228501243986577,0.00012285012566344274,0.00012285012445772164,0.00012285012473361865,0.00012285012435822758,0.00012285012561383534,0.0001228501260878824,0.00012285012481334846,0.7294146380578024,0.00012285012459160386,0.00012285012393070782,0.00012285012479493136,0.039420064518757035,0.00012285012544098998,0.0001228501259811002,0.12717992518886648,0.00012285012381591597,0.00012285012509330884,0.10201977023613747
S24_2013_11620754,0.00011737089459217769,0.00011737089385450633,0.3034957571535322,0.00011737089392837876,0.00011737089436108676,0.00011737089441254846,0.00011737089393816387,0.00011737089527373246,0.16417185175401566,0.00011737089473220393,0.00011737089468485178,0.00011737089367719648,0.40154725503339506,0.00011737089366997844,0.11241501011833824,0.00011737089520987739,0.00011737089513128571,0.00011737089334474118,0.01660956252637616,0.00011737089353170674
S24_2013_11947552,8.695652383292068e-05,8.69565242664892e-05,8.695652384977115e-05,8.695652486106155e-05,8.695652329266435e-05,8.695652362008543e-05,8.69565233178087e-05,0.18537370859321925,0.04444782404498931,0.046267647941613955,0.014484669554183822,8.695652360847265e-05,8.695652423645408e-05,0.1625313702378897,8.695652408102533e-05,8.695652394701499e-05,0.009310279151121948,8.695652256975076e-05,0.1258776995608565,0.4106633226306418
S24_2013_11812815,0.01571911430220765,7.610350203804018e-05,7.610350201749676e-05,0.046029199070365394,0.01618760442505392,7.610350209385927e-05,7.610350221103988e-05,0.04342730480686072,0.01544802416470359,0.03924340682508274,7.610350210305251e-05,7.610350183524305e-05,0.8128857306591492,7.610350205827905e-05,7.610350232161039e-05,7.610350252751128e-05,7.61035023822181e-05,7.610350649213044e-05,0.010146373715589829,7.610350290672805e-05
S24_2013_11594670,0.00021739131000897386,0.0002173913102312836,0.00021739130922329057,0.00021739130866397819,0.6170819274597539,0.10998362257655883,0.0002173913093104621,0.00021739130972677295,0.00021739130970202473,0.1599758462096771,0.00021739131026356668,0.00021739130994345994,0.10948034280343735,0.00021739131071440643,0.0002173913087428023,0.00021739130924716742,0.00021739130906744386,0.0002173913071970034,0.00021739131027332027,0.00021739130825687737
S24_2013_11742593,9.22509244167882e-05,0.3232441457395149,0.1901229093102095,9.225092370102952e-05,9.225092401151787e-05,9.225092460635008e-05,9.225092447970842e-05,0.0885097249216991,9.225092413879158e-05,9.225092431379028e-05,9.22509244024813e-05,0.2640500295933407,9.225092396719494e-05,0.026602264254302135,9.225092394408596e-05,9.225092436786278e-05,0.08265551294832815,9.225092356128948e-05,0.023616151218635254,9.225092405926812e-05
S24_2013_11161117,8.090615041901344e-05,8.090614973344716e-05,0.05737811469372181,8.090615077181661e-05,8.090615111761377e-05,8.090615130521396e-05,8.090615063460246e-05,8.090615102268103e-05,0.29789381778657237,0.11843960976500904,8.090615018024971e-05,8.090614952681435e-05,8.090615031170744e-05,8.090615049614468e-05,8.090615119412817e-05,8.090615085861205e-05,0.4475664202738783,8.090614992248564e-05,0.07750844522250758,8.090615081636053e-05
S24_2013_11180865,0.00010570824736153016,0.00010570824634818314,0.0001057082471150514,0.0001057082476023038,0.00010570824700577129,0.628840610399471,0.000105708247106839,0.00010570824798562602,0.0001057082474172648,0.04555068352282123,0.00010570824743551916,0.00010570824672226532,0.00010570824693820693,0.00010570824712306775,0.00010570824747759434,0.00010570824716043377,0.00010570824762609764,0.00010570824720632164,0.32381166587481613,0.00010570824725938422
S24_2013_11832809,0.050916913448964034,0.00018656716646348718,0.0675810171043886,0.00018656716822930446,0.00018656716635272636,0.0001865671666723519,0.00018656716606315892,0.00018656716891673716,0.10695472245870005,0.5079781617651459,0.00018656716822974576,0.00018656716866047678,0.000186567167233203,0.00018656716603093358,0.01856408032465543,0.0001865671694618941,0.2453931645519456,0.0001865671670458536,0.00018656716875546726,0.0001865671680852016
S24_2013_11860237,0.00011600928374330726,0.00011600928292356955,0.051622723784949955,0.00011600928279441806,0.00011600928298834952,0.07877297838486558,0.00011600928224981076,0.13426639526155287,0.36095437670579,0.04839597216139293,0.00011600928294785438,0.00011600928217574381,0.00011600928374505875,0.00011600928471270963,0.00011600928407146844,0.00011600928364545126,0.32436342373771826,0.0001160092817969324,0.00011600928331797319,0.0001160092826179238
S24_2013_11802041,0.00019379845310361937,0.00019379845215383455,0.00019379845229866417,0.00019379845421766732,0.00019379845192527549,0.00019379845371060776,0.00019379845301822378,0.00019379845411388356,0.11494242872029407,0.6533418592994246,0.030868068558384032,0.00019379845221842635,0.0001937984526916672,0.00019379845229163483,0.00019379845347388427,0.02796806205744882,0.00019379845485115527,0.00019379845148508916,0.16997260456986302,0.0001937984530318772
S24_2013_1290513,0.00020080321771229673,0.00020080321546498824,0.0002008032176884609,0.10437835453221055,0.00020080321595246944,0.00020080321606753625,0.00020080321589052667,0.00020080321695199564,0.35388489237202964,0.03135320248321913,0.00020080321635928386,0.00020080321479484065,0.0002008032160778795,0.00020080321718239183,0.00020080321626514443,0.04307499254054842,0.44537341512794193,0.00020080321629961716,0.00020080321772437664,0.01912389791361863
S24_2013_11478992,8.787346390002514e-05,8.787346326529988e-05,8.787346438424971e-05,8.787346387922811e-05,8.787346408445456e-05,8.787346360825635e-05,8.787346368238282e-05,0.13352691197119315,8.787346474342818e-05,0.8566954283201109,8.78734637920222e-05,8.787346313114951e-05,8.78734637936868e-05,0.008283810819673759,8.787346439011473e-05,8.787346369971165e-05,8.78734644504103e-05,8.787346576604835e-05,8.787346454864764e-05,8.78734639028142e-05
S24_2013_11957122,0.00020920502360859803,0.00020920502270530095,0.00020920502584971198,0.0002092050232766619,0.00020920502436951873,0.0002092050236307211,0.00020920502373763118,0.00020920502478754505,0.0002092050244016854,0.7202406041495089,0.00020920502451474352,0.00020920502506481794,0.0002092050237250693,0.00020920502303509427,0.00020920502440035347,0.04674775364471688,0.21278460896887938,0.01687975285107582,0.00020920502463591523,0.0002092050240757214
S24_2013_11680305,0.00020080321671690546,0.0002008032151851793,0.030451202112464618,0.0002008032167938764,0.00020080321476738752,0.0002008032151753526,0.0002008032187612018,0.00020080321694063724,0.49923298341029626,0.00020080321712919396,0.00020080321579093278,0.00020080321620643082,0.0002008032158951898,0.00020080322083904846,0.09329297673977263,0.000200803215904219,0.37380998627207174,0.0002008032151518877,0.00020080321783642305,0.00020080321630095078
S24_2013_11460698,0.00021551724523388935,0.0002155172438143593,0.00021551724590049843,0.00021551724476524413,0.047713886741242835,0.00021551724661157944,0.04928861634264431,0.0002155172454966985,0.00021551724479789596,0.8993337037518421,0.00021551724507948755,0.00021551724368365472,0.00021551724522635688,0.00021551724447800712,0.00021551724606911173,0.0002155172446628998,0.00021551724477750396,0.00021551724314745657,0.0002155172452548938,0.00021551724527129443
S24_2013_11619166,0.00015625000337847792,0.00015625000164453802,0.19912494122296287,0.00015625000527537687,0.00015625000198844416,0.00015625000441898718,0.00015625000319738057,0.00015625000309800967,0.00015625000352235578,0.000156250004625661,0.00015625000355229347,0.00015625000215080108,0.00015625000294275195,0.0001562500031300296,0.00015625000223633197,0.03648536211725135,0.7617334466050941,0.00015625000243504742,0.00015625000260276013,0.00015625000449219934
S24_2013_11828498,0.5083563447191408,0.00012787724099431625,0.00012787723998478333,0.0001278772407838825,0.00012787724007470643,0.00012787724070500287,0.0001278772398072563,0.00012787724036411992,0.00012787724025393668,0.48934186495255544,0.00012787724041839223,0.00012787724257672488,0.00012787723998759486,0.00012787723922133389,0.00012787724070923283,0.00012787724118619077,0.00012787724070886499,0.00012787723931039977,0.0001278772409653186,0.00012787724025157865
S24_2013_11646732,0.00018382353230571798,0.00018382353297908107,0.3101040642263685,0.000183823533678675,0.0001838235324193873,0.00018382353466052923,0.00018382353204747856,0.4768623855439213,0.00018382353416751014,0.00018382353344654096,0.00018382353228128966,0.0001838235346839635,0.031073083930114147,0.00018382353213181545,0.17901928976955186,0.00018382353243252228,0.00018382353397698373,0.00018382353164621604,0.00018382353397375609,0.00018382353321256737
S24_2013_11912726,0.00012406948074070864,0.00012406948040764588,0.00012406948059510175,0.0001240694812058348,0.00012406948103826468,0.00012406948160668632,0.00012406948054539775,0.7620556197870192,0.0001240694809881951,0.00012406948124349512,0.2357111295554501,0.0001240694814324744,0.0001240694810285419,0.00012406948038583775,0.00012406948040746056,0.00012406948079895513,0.00012406948053254998,0.000124069480819005,0.00012406948295073348,0.00012406948080414347
S24_2013_11666987,0.03272383611936163,0.00015873016200640175,0.00015873016285861802,0.00015873016142203193,0.00015873016072095913,0.0001587301616641018,0.0001587301654306821,0.00015873016186389552,0.12994314150294597,0.0001587301622498619,0.00015873016150462848,0.02670927855811202,0.5586769153835862,0.0001587301621329633,0.06948100912434126,0.0001587301628714211,0.1802435970425431,0.00015873016063924336,0.00015873016218679014,0.00015873016155812738
S24_2013_11590697,0.00017793594624034982,0.00017793595024492484,0.00017793594537153423,0.0001779359473071143,0.00017793594891496418,0.7067336850866285,0.00017793594811315585,0.00017793594690474168,0.21217395768901534,0.00017793594898410625,0.07806744612360056,0.00017793594450711767,0.00017793594663586317,0.00017793594877672585,0.00017793594595579825,0.00017793594589027645,0.0001779359463821677,0.00017793594606481717,0.00017793594885067918,0.00017793594561122924
S24_2013_11183838,0.1276030880040993,0.00010638298068850656,0.058015255907338956,0.06479965113277318,0.00010638298081995458,0.00010638298132592417,0.00010638298308826383,0.00010638298082302494,0.10314603111714271,0.00010638298167408432,0.00010638298068536198,0.00010638298008915193,0.5827145774327714,0.0001063829809868517,0.00010638298147255579,0.014166784321452285,0.04817163332539601,0.0001063829848769952,0.00010638298117218842,0.0001063829813232766
S24_2013_11213182,0.00014792899646270583,0.014871358282274285,0.8114598989026945,0.05362086308908061,0.00014792899846010544,0.030185397356140897,0.00014792899785612723,0.0001479289975467887,0.00014792899751124916,0.015540812752866298,0.0001479289960938588,0.00014792899679765836,0.00014792899766988214,0.00014792899748644525,0.00014792899720854629,0.000147928996419993,0.07225066365659209,0.00014792899657648203,0.00014792899797851615,0.0001479289962829204
S24_2013_11842651,0.00018796992823688066,0.00018796992867686,0.00018796992883254103,0.0001879699288302465,0.0001879699300447638,0.00018796992769280313,0.00018796992709837728,0.00018796992796080918,0.00018796992838710687,0.9964285713598912,0.0001879699307464295,0.0001879699266965769,0.0001879699280712675,0.0001879699293228735,0.00018796992932867726,0.00018796992798313607,0.00018796992860417014,0.0001879699270568574,0.00018796992852370724,0.00018796992801482125
S24_2013_8789495,0.2095308999276853,0.00022321429076586555,0.00022321428919031566,0.00022321429056990053,0.00022321428955513972,0.33410329610332384,0.00022321429099165854,0.000223214291655208,0.05808733642862286,0.2061087248262223,0.00022321429031580135,0.00022321429420544146,0.00022321428897597543,0.00022321428870950033,0.00022321429121954426,0.000223214288956603,0.04741157191141292,0.00022321428718952925,0.00022321429055680941,0.14163317073987555
S24_2013_11488901,0.00010245901859808167,0.00010245901762276112,0.8450620457789776,0.00010245901813517231,0.00010245901774984706,0.00010245901804589265,0.00010245901805691981,0.00010245901846346737,0.00010245901862857148,0.00010245901883649865,0.00010245901807608073,0.00010245901760678637,0.0001024590180137481,0.00010245901938333581,0.00010245901846315058,0.009054181964618999,0.14414196894587386,0.00010245901729715773,0.00010245901846522681,0.00010245901908673698
S24_2013_11528434,0.00011111111464572411,0.00011111111354264785,0.00011111111362765191,0.00011111111293552882,0.00011111111263682504,0.00011111111300012853,0.00011111111237962942,0.00011111111313515749,0.7112188112840064,0.02705129456083714,0.00011111111332609939,0.00011111111234411688,0.00011111111418290663,0.00011111111279619113,0.08216504724101015,0.00011111111335805912,0.1253164602772397,0.00011111111197806847,0.00011111111330380945,0.05258171993971411
S24_2013_11778856,0.00016286645169821278,0.00016286645206207276,0.04521087944195039,0.00016286645184763262,0.00016286645193329272,0.00016286645285248412,0.00016286645233302893,0.00016286645361234388,0.0001628664539257797,0.7024115417910531,0.00016286645193653616,0.00016286645086302672,0.012942055719690532,0.0001628664519003427,0.23682965980762077,0.00016286645308004685,0.0001628664534992764,0.00016286645250599338,0.00016286645339679708,0.00016286645223827426
S24_2013_11887877,0.000194552533749622,0.00019455253157297698,0.00019455253379223526,0.00019455253282759386,0.023157235276132365,0.00019455253368929481,0.00019455253300592872,0.00019455253312560843,0.11849560400285235,0.00019455253459479697,0.00019455253425836052,0.00019455253416759215,0.14505500547629316,0.00019455253475028205,0.6546123759113454,0.024058873919698468,0.00019455253316009926,0.0001945525334039701,0.03189716994304575,0.00019455253453418681
S24_2013_11902465,0.0001851851884474169,0.00018518518712760677,0.00018518518884519817,0.17857158550196597,0.09243444536774578,0.00018518518908907877,0.00018518519039753057,0.00018518518868322089,0.0001851851884357545,0.00018518518853883438,0.00018518518979682066,0.00018518518727617808,0.10832998915539101,0.00018518518868287332,0.00018518518828824153,0.00018518518880783965,0.3257203653909205,0.29216583675185864,0.00018518519056127171,0.0001851851891400815
S24_2013_11882591,0.0002293578015879341,0.00022935780279755236,0.00022935780267993865,0.0002293578012131507,0.0002293578030189093,0.00022935780360633577,0.000229357800750378,0.00022935780232632492,0.00022935780327304578,0.9956422017638044,0.00022935780122625949,0.00022935780085906723,0.00022935780212854858,0.0002293578004159529,0.00022935780310018593,0.0002293578009145302,0.0002293578023828418,0.00022935780035738447,0.0002293578020360601,0.00022935780152119514
S24_2013_11929305,0.00011904762132275377,0.00011904762043065584,0.00011904762286226621,0.0001190476217569562,0.00011904762079761514,0.00011904762144794344,0.00011904762117039884,0.0001190476218455668,0.0001190476216306234,0.7489773253974181,0.00011904762153225475,0.00011904762081201048,0.00011904762110328474,0.1841994750136577,0.014235113821214137,0.033058626494823835,0.017743744952486602,0.00011904762157655198,0.00011904762110724411,0.00011904762100339451
S24_2013_11226423,9.416195980969781e-05,9.416195991954017e-05,9.416196120345999e-05,0.025050362469789797,0.07773304076492682,9.416195958504204e-05,9.416196134492583e-05,0.009325476361560173,9.41619611055958e-05,9.416196094271613e-05,9.416196111198063e-05,9.416196338139908e-05,0.2210964594075158,9.416196138064284e-05,9.416195974059233e-05,0.015941913402887503,9.416196041383217e-05,0.6231569429231226,0.026471699178501385,9.416196175635074e-05
S24_2013_11563099,0.0001358695683614229,0.00013586956716080302,0.00013586956755062834,0.0001358695672085216,0.0051951422445768985,0.00013586956775985237,0.00013586956709329685,0.09964842458454751,0.0001358695679265168,0.12696676062858425,0.00013586956782912123,0.00013586956796603512,0.00013586956729976928,0.029594783386180275,0.00013586956843089092,0.03415251221356229,0.35734646636312867,0.00013586956697440438,0.3453296062003643,0.00013586956749470495
S24_2013_11546506,0.00019841270203203247,0.0001984127003977796,0.09633034608909838,0.0001984127032359503,0.00019841270071520195,0.00019841270184773487,0.00019841270035266805,0.0001984127033564468,0.37973460932279823,0.4430931460268485,0.00019841270057824683,0.00019841270053165257,0.00019841270090667168,0.00019841270204602366,0.0001984127023665427,0.00019841270282749217,0.07766729533680068,0.0001984126996396401,0.00019841270223000464,0.00019841270138999377
S24_2013_11913335,0.03414532431770406,0.00010504201892868127,0.11881366676031876,0.4814711848745798,0.00010504201947422841,0.0001050420191125515,0.0001050420181497801,0.00010504201872760432,0.15529059548455895,0.00010504201950931066,0.06805135108366428,0.11642531175629557,0.00010504201937582123,0.00010504201891539455,0.00010504201905141973,0.00010504201834373628,0.00010504201857656436,0.009635566882487125,0.00010504201913689815,0.01490649461308949
S24_2013_11439371,0.00017543860020790745,0.26511814969737457,0.00017543860309170018,0.00017543859924727917,0.00017543859902639103,0.00017543859939373537,0.00017543859918702878,0.00017543860650928874,0.00017543860023881466,0.0001754386008405415,0.00017543860022033186,0.00017543859963991702,0.0001754386000272213,0.00017543859909729495,0.000175438600191055,0.00017543859997333302,0.00017543860105169134,0.00017543859873451708,0.7317239554944794,0.00017543860146798762
S24_2013_11510177,0.023428525307372883,0.00017921147168819957,0.0001792114718448994,0.00017921147311191084,0.00017921147283285336,0.00017921147285088096,0.09418717717511518,0.0001792114728354671,0.00017921147264768504,0.005309225843055384,0.0001792114717695975,0.00017921147160253364,0.00017921147219841787,0.00017921147105599136,0.013455226938218668,0.00017921147454276937,0.8085304285669722,0.0525804555544554,0.0001792114735813452,0.00017921147224753584
S24_2013_11825951,0.00011682243168268854,0.00011682243131594882,0.00011682243198661671,0.00011682243173181371,0.5802076406431831,0.00011682243183605713,0.00011682243147194827,0.00011682243362675973,0.00011682243218640022,0.00011682243267708153,0.0001168224317225403,0.00011682243152255237,0.4176895555783787,0.00011682243193226673,0.00011682243226111656,0.00011682243206961488,0.00011682243350817451,0.00011682243117113132,0.00011682243216193563,0.00011682243357343761
S24_2013_11202845,0.00010395010642399416,0.00010395010602877714,0.00010395010652795659,0.00010395010573679115,0.00010395010538852563,0.00010395010640517835,0.00010395010579602688,0.00010395010591086061,0.00010395010681623341,0.00010395010646402432,0.00010395010746290806,0.00010395010510133634,0.5276886463645608,0.021523258149757845,0.4490209436819126,0.00010395010539884858,0.00010395010656906742,0.0001039501047007702,0.00010395010698691799,0.00010395010605059867
S24_2013_11780806,0.00017241379652405332,0.00017241379524494217,0.00017241379675597446,0.00017241379748383827,0.07635243375612279,0.00017241379764514978,0.0001724137954709744,0.0001724137965451875,0.20129427679770032,0.31478044585942805,0.0001724137959876224,0.00017241379582727705,0.00017241379652530915,0.0001724137950269662,0.02265644603421496,0.00017241379592145196,0.3823301906038007,0.00017241380100357418,0.00017241379580175178,0.00017241379696882313
S24_2013_11787114,0.00020576132024349733,0.0002057613207198295,0.33356376422886985,0.00020576132061892624,0.0002057613193982643,0.0002057613199625562,0.040637736834771156,0.00020576132282814028,0.00020576132043608638,0.00020576132166753486,0.00020576132671892126,0.00020576131850081277,0.0002057613202584783,0.00020576132045306024,0.13320293443298967,0.0002057613225768044,0.48543025854885685,0.004078886135529628,0.00020576132123733274,0.00020576132336261725
S24_2013_11154896,7.215007357759534e-05,7.2150073456885e-05,0.7517988894216059,7.215007367148744e-05,7.215007342146641e-05,0.04080846185884163,7.215007329969023e-05,7.215007371293543e-05,7.215007379557164e-05,7.2150074539988e-05,7.215007401522691e-05,7.215007341700193e-05,7.215007382887848e-05,7.215007377420794e-05,7.215007341335528e-05,7.215007390708796e-05,0.04173504516609402,7.215007365082291e-05,0.16450320237403804,7.215007393801822e-05
S24_2013_11415029,0.47584661825536273,0.00016556291592770094,0.09150470859167206,0.00016556291628882374,0.00016556291622959196,0.0001655629163096339,0.00016556291727803541,0.00016556291726311216,0.00016556291813914803,0.00016556291767209268,0.000165562917190783,0.0001655629158144806,0.0001655629177108263,0.00016556291658444217,0.10852679882094515,0.00016556291782309458,0.23872186410704135,0.0001655629149834583,0.00016556291693296135,0.08291656647283023
S24_2013_11395792,0.02940284750845119,0.00013227513360043714,0.00013227513485267628,0.021979690990228524,0.00013227513488023052,0.00013227513517077177,0.01669817871455817,0.00013227513509999635,0.00013227513511157552,0.06636115980884215,0.08139034191874688,0.7207550722060493,0.00013227513505351089,0.00013227513495825624,0.04841210490128593,0.00013227513442969,0.0001322751347394685,0.0001322751342106711,0.00013227513512725528,0.013413302334603637
S24_2013_11873542,0.0001340482606475904,0.00013404825880992564,0.00013404825987566255,0.0001340482606210294,0.00013404825980318212,0.7678963359862473,0.048349568292744914,0.00013404826062199274,0.00013404825990194337,0.09683805013979915,0.00013404825980760382,0.00013404825871363025,0.000134048259734535,0.02852945248467948,0.0001340482601248218,0.00013404826007204767,0.0001340482602409118,0.056375869196999634,0.000134048261047782,0.0001340482595069349
S24_2013_11608412,0.0001445086738690554,0.00014450867198288669,0.00014450867325678664,0.0001445086732769195,0.00014450867424139547,0.5953477522549885,0.0207108854779268,0.00014450867371021024,0.06333418587609436,0.08367622708732302,0.03200325638881123,0.00014450867289812156,0.026806580751186606,0.0001445086728389846,0.10474177642125305,0.0001445086739803398,0.00014450867352525586,0.0001445086722594672,0.07164523166290626,0.00014450867367075075
S24_2013_11662755,0.0001278772406972304,0.0001278772389635804,0.36785565009126175,0.20233851281927304,0.0684529103312506,0.00012787723956568056,0.00012787724450275402,0.00012787724036000432,0.20733015929445076,0.0001278772396540463,0.00012787724022326428,0.02651289749474326,0.0001278772405962693,0.00012787723965116925,0.0001278772401035781,0.0001278772405947972,0.00012787724053622753,0.1257195886032217,0.0001278772404646156,0.00012787723988590284
S24_2013_11441983,8.445946124343795e-05,8.445946198437183e-05,8.445946084479489e-05,8.445946109104883e-05,8.44594607469201e-05,0.8987426725262234,0.04640855926700938,8.445946126638734e-05,8.445946168454018e-05,8.44594612960006e-05,8.44594613471508e-05,8.445946058147637e-05,8.445946092923511e-05,8.445946086166589e-05,8.445946216445353e-05,8.44594613053493e-05,8.445946083595959e-05,0.05341295736597223,8.445946173987894e-05,8.445946087211563e-05
S24_2013_11866265,0.0001246882825993455,0.0001246882803968357,0.00012468828119550966,0.00012468828229262292,0.00012468828148346774,0.00012468828234915436,0.00012468828394507123,0.00012468828139463301,0.11271114014258271,0.430086368898399,0.0001246882828642468,0.00012468828180130852,0.00012468828114323778,0.00012468828087898324,0.00012468828152683494,0.0001246882815451123,0.45508279016873754,0.00012468828109320527,0.00012468828221157477,0.00012468828155954163
S24_2013_11571767,0.00011363636580582005,0.00011363636568899361,0.00011363636552689422,0.00011363636580090566,0.00011363636597937813,0.29337381689457154,0.00011363636628897546,0.00011363636677894032,0.00011363636633651666,0.2648081911169304,0.2145230178748392,0.00011363636588476467,0.00011363636563179186,0.00011363636575015872,0.00011363636629657046,0.13726299329346728,0.00011363636626272587,0.00011363636493568582,0.08832743533047599,0.00011363636674744877
S24_2013_4069509,0.0001724137966319923,0.00017241379527205457,0.9207772667483343,0.00017241379676815344,0.00017241379565769365,0.007592171845530174,0.0001724137957522608,0.00017241379744206312,0.00017241379987304698,0.00017241379742564028,0.00017241379675738392,0.00017241379556020016,0.00017241379609093046,0.00017241379817234563,0.0001724137973069542,0.0001724137967754396,0.05751721955318968,0.011354721103541039,0.0001724137972823382,0.00017241379663645895
S24_2013_11360755,0.00014367816413996592,0.00014367816303759734,0.00014367816428477703,0.00014367816370065484,0.00014367816433830441,0.00014367816328584196,0.00014367816357106715,0.0001436781640922183,0.00014367816422322375,0.00014367816344484452,0.25193416900330806,0.18048081702239602,0.5651424851904135,0.00014367816363158116,0.00014367816437171925,0.00014367816501951252,0.0001436781632109327,0.00014367816217710625,0.00014367816415634786,0.00014367816319647337
S24_2013_11286801,0.00017123288157979566,0.00017123288274771138,0.0001712328798274868,0.00017123288206173843,0.00017123288155029945,0.0001712328793903983,0.00017123287963614897,0.00017123288013839216,0.00017123288165781485,0.05277992936958347,0.00017123288019134402,0.00017123288750126218,0.00017123288478065743,0.0001712328790284991,0.00017123287995671332,0.00017123288031830965,0.9441378787693726,0.0001712328793509802,0.00017123288083317425,0.0001712328804931302
S24_2013_11290007,8.488964500665347e-05,8.488964446339497e-05,0.006493279111818787,8.488964500222677e-05,0.19026494637199926,0.005434523661944866,8.488964483724392e-05,0.19909552637475558,8.488964530410847e-05,8.488964547713118e-05,8.488964528531866e-05,8.488964443008886e-05,8.48896451622444e-05,0.006635228883910327,0.5140894865950808,8.48896452083782e-05,8.488964514994797e-05,8.488964448291827e-05,0.07688344361383072,8.488964685016351e-05
S24_2013_11656335,8.025682292583911e-05,8.025682250192483e-05,8.025682314756407e-05,8.025682319199863e-05,8.025682285317018e-05,8.025682288271286e-05,8.025682299183047e-05,8.025682288346676e-05,8.025682294007507e-05,8.025682311567639e-05,8.025682387895766e-05,8.025682258642453e-05,8.02568234523976e-05,0.29321966499831464,8.025682315958228e-05,8.025682278696643e-05,0.6854490034331117,8.025682256368366e-05,0.01996696557819352,8.025682251803026e-05
S24_2013_11402957,7.727975463670084e-05,7.72797536283612e-05,7.727975389024421e-05,0.8953836617639757,0.024289577322188508,7.727975390469306e-05,7.727975437459017e-05,0.009115925776339717,0.03593197144849516,7.727975430305501e-05,7.727975382559793e-05,7.727975657848078e-05,7.727975461452823e-05,7.727975349863397e-05,0.034119667375891186,7.72797538898117e-05,7.727975414923033e-05,7.727975350487346e-05,7.727975449285647e-05,7.727975381816937e-05
S24_2013_11326255,0.00016891892174539138,0.00016891892073403955,0.00016891892343570854,0.0001689189224257121,0.0001689189208092542,0.00016891892206420353,0.00016891892477564446,0.12953227098703432,0.4218576129358304,0.00016891892261089095,0.00016891892689266275,0.00016891892062877314,0.0001689189221848083,0.00016891892134417847,0.00016891892349882976,0.00016891892191457062,0.00016891892283390773,0.00016891891986109934,0.00016891892307730074,0.4457384943962983
S24_2013_11015127,0.00021929825038381932,0.16828776524786038,0.0002192982488050793,0.0002192982489232161,0.00021929825041185202,0.000219298248893329,0.00021929824856391602,0.000219298249804468,0.0002192982509264269,0.35041233957775986,0.00021929824916467643,0.00021929824776401751,0.00021929824868208755,0.0002192982488580171,0.00021929824996358392,0.0002192982484853997,0.47757182493499684,0.00021929824882184964,0.0002192982519507903,0.00021929824898035124
S24_2013_11575808,0.000136986303691786,0.00013698630405820707,0.00013698630396981375,0.0001369863033277677,0.00013698630347967584,0.0001369863040140727,0.00013698630360634443,0.00013698630439673952,0.00013698630476766002,0.46789561950629566,0.00013698630378762648,0.00013698630353070864,0.00013698630343005552,0.00013698630623475377,0.00013698630430313997,0.0001369863039982016,0.2924883072681928,0.14199840838263755,0.0954258839782021,0.00013698630407535002
S24_2013_11737324,0.0001492537337685868,0.0001492537333624249,0.8854599507640774,0.00014925373342781622,0.00014925373355505997,0.0001492537334389619,0.0001492537337259671,0.00014925373401357018,0.0001492537341941177,0.11185348202906721,0.00014925373409090464,0.00014925373331050668,0.000149253733368536,0.00014925373247812307,0.00014925373352685125,0.00014925373433633506,0.00014925373483985448,0.00014925373256207794,0.00014925373482437508,0.00014925373403137902
S24_2013_11297631,0.00011600928263101333,0.00011600928196198605,0.00011600928274569142,0.00011600928259204046,0.00011600928402769169,0.00011600928327457762,0.00011600928277307544,0.00011600928366575181,0.00011600928312202698,0.943208311415414,0.00011600928251201132,0.0001160092821237268,0.00011600928265045673,0.01625115240424951,0.03856837837195415,0.00011600928296687997,0.00011600928281152459,0.00011600928304875375,0.00011600928296269247,0.0001160092825126325
S24_2013_11884807,7.598784354258301e-05,7.598784397188926e-05,7.598784520311774e-05,7.598784367810526e-05,7.598784330831289e-05,7.598784338525125e-05,7.598784399266432e-05,7.598784318380658e-05,7.598784357751206e-05,7.598784385808004e-05,7.598784377900073e-05,7.598784316501832e-05,7.59878436320053e-05,7.59878427184931e-05,0.04496220340018903,0.8421950861534807,0.11155091710513908,7.598784302370835e-05,7.598784359703838e-05,7.598784357450871e-05
S24_2013_11295877,0.00015290520167185413,0.00015290520050194315,0.00015290520238618355,0.00015290520115222704,0.07321576513476916,0.00015290520101246793,0.00015290520166132455,0.0001529052017888298,0.0001529052019320949,0.0001529052022311927,0.3134261947018805,0.00015290520020563283,0.00015290520345833503,0.0001529052048832778,0.00015290520213898405,0.00015290520307612433,0.4720382715736613,0.13887328535693663,0.00015290520235895387,0.0001529052022931997
S24_2013_11783821,7.385524567889403e-05,7.385524503090228e-05,7.385524549500742e-05,0.00872811288217346,7.385524590325834e-05,7.385524539002467e-05,7.385524484585437e-05,7.38552453712851e-05,0.09229905333421651,0.04176172674308161,7.385524577122827e-05,0.53820784437948,0.14380571969612754,7.385524518127245e-05,7.385524547607941e-05,0.03441455994079476,7.385524527228797e-05,7.385524480717523e-05,0.13982286483453088,7.38552453719335e-05
S24_2013_8277275,0.0002242152513256928,0.12068944366335052,0.00022421524928194306,0.00022421525038209496,0.00022421525155574278,0.00022421525407334517,0.00022421525314545842,0.00022421524921044158,0.000224215250592613,0.00022421525272655146,0.8463852310729395,0.00022421525046090914,0.00022421525007265176,0.0002242152508018972,0.00022421524998655418,0.0002242152491206761,0.00022421525305158608,0.02911366599920408,0.00022421524984568938,0.00022421524887211722
S24_2013_11595043,0.007519418150967772,0.00013020833495973894,0.3000465909090014,0.0001302083352831851,0.00013020833534352783,0.00013020833609265497,0.0001302083356278545,0.00013020833606284938,0.00013020833646683585,0.4020963863852664,0.00013020833575166303,0.00013020833464162453,0.0001302083357934485,0.000130208334600108,0.22475659784410423,0.00013020833537327614,0.00013020833655474779,0.00013020833447271408,0.00013020833634061433,0.06362788167729545
S24_2013_11951692,0.00013089005563997813,0.00013089005468361223,0.00013089005495166923,0.08734707142890492,0.00013089005532768605,0.01760185351697462,0.00013089005476100578,0.0001308900552150624,0.00013089005616991322,0.17560700450208747,0.07705899490717942,0.4400071204908098,0.0001308900557396937,0.0001308900543956782,0.1676027274905679,0.0001308900549987596,0.00013089005577764985,0.0001308900535421074,0.03307365694739943,0.00013089005487390668
S24_2013_10547763,0.03749820773034634,8.94454393472838e-05,8.944544006147251e-05,8.944544008476162e-05,0.09113597721016937,8.944544110787464e-05,8.944544049328312e-05,0.550636646106198,8.944544039648013e-05,0.029388676212094265,0.08375260223581948,8.94454402329315e-05,0.011519562460216185,8.944543989224013e-05,0.12722458974539322,8.944544060368674e-05,8.944543953436704e-05,8.944543965741775e-05,8.944544019248912e-05,0.06777039301815901
S24_2013_11385582,8.849557697842588e-05,8.84955762671121e-05,8.849557768119525e-05,8.849557684523991e-05,8.849557691914722e-05,0.3483232022839756,0.02158390331284433,8.849557681546651e-05,8.849557680935916e-05,0.5388512780845262,0.011083743474183163,8.849557634168451e-05,8.849557704987538e-05,8.849557687590821e-05,0.013932412902798123,0.043271801989844545,8.849557666267074e-05,8.849557597025403e-05,8.849557714047071e-05,0.021803215453471282
S24_2013_11563383,0.00012626262892484992,0.00012626262746535976,0.012241772475341682,0.650322289274736,0.0001262626289582145,0.0001262626284684373,0.00012626262845749528,0.00012626262810146776,0.20958752853814125,0.00012626262982299772,0.0001262626289856395,0.004625122043029352,0.03302441024703282,0.0001262626277613729,0.05581401431552226,0.00012626262857803148,0.032743448933887864,0.00012626262725183034,0.00012626262909424464,0.00012626263043878639
S24_2013_11406564,0.9982209737805599,9.363295885971424e-05,9.363295887166962e-05,9.363295884068407e-05,9.36329588768149e-05,9.36329588438071e-05,9.363295922332942e-05,9.363295886204665e-05,9.363295905016891e-05,9.363295889440638e-05,9.363295882114546e-05,9.363295883181707e-05,9.363295889927263e-05,9.363295887709234e-05,9.363295894705464e-05,9.363295886273853e-05,9.363295905258827e-05,9.36329588680071e-05,9.363295907130339e-05,9.363295888662264e-05
S24_2013_11589052,0.0001805054178764878,0.00018050541712334945,0.00018050541805965156,0.0001805054176187639,0.0001805054185444875,0.00018050541858042354,0.0001805054198898107,0.00018050541973742482,0.00018050541851202825,0.0001805054191492804,0.06891689273796944,0.00018050541706180674,0.00018050541823318153,0.00018050542024367387,0.00018050541764724038,0.0001805054183126269,0.22809120538624214,0.00018050541685713347,0.6999233097648294,0.00018050541751173113
S24_2013_11395528,0.2029470400904694,0.00011494253199101027,0.02712325060922565,0.10182581940852209,0.02101849615419239,0.00011494253249614203,0.00011494253059010183,0.0001149425315915644,0.1267592890121448,0.00011494253152150296,0.0001149425318062517,0.00011494253094128218,0.0001149425320293641,0.037874384351874436,0.3485453625492066,0.11467871336958506,0.0001149425316070809,0.00011494253072366884,0.00011494253144852408,0.01796327660803307
S24_2013_11601126,0.00017543860120804584,0.00017543859948462287,0.0001754386004433899,0.00017543860025716405,0.2335962167057945,0.0001754385994896491,0.00017543860051385388,0.00017543860060855118,0.00017543860095474474,0.00017543860132967107,0.0001754385999325657,0.0001754385991318061,0.00017543860012940516,0.0001754386000397319,0.160890842729403,0.00017543859929237832,0.29470035562211416,0.19081767796303617,0.1173633279760442,0.00017543860079252146
S24_2013_11645688,0.00012531328731400603,0.0001253132849634436,0.6229371798784056,0.00012531328530781023,0.00012531328530801706,0.00012531328497584335,0.027048408627363518,0.0001253132857829036,0.0001253132867991675,0.0001253132858875065,0.00012531328481092552,0.00012531328470530322,0.0916690779012256,0.0059548234585505636,0.06289676822525232,0.00012531328555043478,0.18773935591235402,0.00012531328468405592,0.000125313285702828,0.00012531328505600056
S24_2013_11867877,0.00014792899629598785,0.00014792900303127804,0.00014792899684551976,0.00014792899646182858,0.00014792899622903568,0.00014792899636109627,0.0001479289973751601,0.00014792899711237986,0.00014792899710240506,0.9971893490542573,0.00014792899678774268,0.00014792899565986271,0.0001479289979639589,0.00014792899607193888,0.00014792899729394247,0.0001479289973249189,0.00014792899872216806,0.00014792899569491424,0.00014792899658303788,0.00014792899682548557
