,0,1,2,3,4,5,6,7,8,9,10,11,12,13,14,15,16,17,18,19,20,21,22,23,24
S24_2013_11735526,0.0001606425703081241,0.09144842837456943,0.0001606425703176885,0.00016064257037822472,0.0001606425703098177,0.43249948474186534,0.00016064257030762115,0.04925238194383849,0.00016064257032234307,0.00016064257030989,0.06982062531318069,0.09114212113549243,0.14423758790139785,0.00016064257030403074,0.0001606425703067803,0.000160642570313151,0.00016064257030969632,0.00016064257031305713,0.00016064257029681236,0.02827775025283572,0.00016064257029244216,0.00016064257034509245,0.00016064257030814775,0.00016064257031642742,0.09059069664146065
S24_2013_10819863,0.00016460905352775755,0.00016460905352926638,0.11188366325856754,0.00016460905351943495,0.00016460905352637484,0.22925200146230001,0.0001646090535441631,0.06278813552312597,0.30221927325367687,0.00016460905353142685,0.00016460905353143625,0.0001646090535428561,0.00016460905354111688,0.00016460905352950716,0.23781790160272565,0.00016460905354209927,0.00016460905354333353,0.00016460905354014044,0.05291145288250641,0.0001646090535211011,0.00016460905350828352,0.0001646090535331959,0.00016460905352775379,0.00016460905353374248,0.00016460905352450988
S24_2013_11445294,0.0001265822784952397,0.00012658227850049857,0.00012658227850569973,0.00012658227849356258,0.00012658227849900107,0.5932867187160067,0.0001265822785071232,0.05473866681669545,0.00012658227850968488,0.0001265822785078639,0.08423010758922221,0.00012658227850391505,0.0001265822784988818,0.00012658227849461789,0.0001265822785084844,0.00012658227850271338,0.0001265822785016917,0.0001265822785030054,0.018075151902650615,0.00012658227849010113,0.00012658227849566194,0.00012658227850575316,0.00012658227850349422,0.24713770940540192,0.00012658227849598414
S24_2013_11532605,0.021258942253054393,0.022840123771244957,0.033159675217469306,8.000000001549049e-05,0.011359831472277742,0.07749907006831427,8.000000001145135e-05,8.000000001963031e-05,8.000000001748634e-05,8.000000001435677e-05,8.000000001075287e-05,8.00000000158167e-05,8.000000001515898e-05,8.000000001738656e-05,8.000000001132337e-05,8.000000000955391e-05,8.000000001904224e-05,0.7492301128933251,8.000000000804686e-05,8.000000001110047e-05,8.000000000517934e-05,8.000000001861433e-05,0.01974853379256867,0.038816486527484824,0.02480722400404025
S24_2013_11584832,5.730659026761714e-05,5.730659026965537e-05,5.730659026944329e-05,5.7306590271512505e-05,5.730659027056743e-05,0.08513274147056342,5.7306590265998504e-05,5.730659026714108e-05,5.7306590268923715e-05,5.7306590267802555e-05,0.049279375093594265,0.18704789666831054,0.1115512291562552,0.5422213459467078,5.730659026744904e-05,5.7306590268786137e-05,0.023678586449480912,5.730659027033291e-05,5.730659026186525e-05,5.7306590264369314e-05,5.730659026414148e-05,5.730659027146538e-05,5.7306590265612995e-05,5.7306590267067805e-05,5.7306590267996695e-05
S24_2013_11947106,0.11651897862657162,6.779661018248234e-05,0.07912597394678964,6.779661017932872e-05,6.779661018072811e-05,0.12490286650815342,6.779661018287122e-05,6.779661018437496e-05,0.07537637274483412,6.779661018198792e-05,6.779661018880531e-05,6.779661018181854e-05,6.779661018764053e-05,6.77966101781365e-05,6.779661018129395e-05,6.77966101799085e-05,6.779661018096526e-05,0.4646265841146314,6.77966101886846e-05,6.779661018740586e-05,6.77966101746436e-05,0.028763572106792187,6.779661018203859e-05,6.779661018636778e-05,0.10946531296893812
S24_2013_11191735,0.00014336917565829776,0.0001433691756583919,0.6815508865013118,0.00014336917564882742,0.00014336917564680747,0.1872691669138703,0.00014336917566594592,0.00014336917564845272,0.00014336917565484726,0.00014336917565436648,0.00014336917565101849,0.03780437204901044,0.00014336917566520917,0.00014336917565368435,0.0001433691756615167,0.00014336917565087778,0.00014336917564767212,0.0001433691756499346,0.00014336917564644925,0.00014336917564683284,0.00014336917563788796,0.00014336917565170788,0.0903648218471085,0.0001433691756509033,0.00014336917564945664
S24_2013_11831038,0.00016129032260590512,0.0001612903226066734,0.00016129032261496688,0.0001612903226088649,0.00016129032260123131,0.00016129032260672155,0.00016129032261032273,0.0001612903226056091,0.7061184746774124,0.0001612903226133606,0.00016129032260666875,0.00016129032260193426,0.00016129032260616132,0.00016129032261985363,0.2901718479026496,0.00016129032262619236,0.00016129032259613865,0.00016129032260058182,0.00016129032259114083,0.0001612903226115105,0.00016129032259059166,0.0001612903226045914,0.00016129032259627396,0.0001612903226062308,0.00016129032260627516
S24_2013_11256816,7.246376812577407e-05,0.0041117621945450005,7.246376812757225e-05,7.246376812463593e-05,7.246376812870099e-05,0.6055946370567827,7.246376812896107e-05,7.246376813098911e-05,0.3286709409492407,7.246376812860236e-05,7.246376814173035e-05,7.246376812563837e-05,7.246376812842525e-05,7.246376812715238e-05,0.02883987716727211,7.24637681311179e-05,0.03133350726959994,7.246376812533191e-05,7.246376812234327e-05,7.246376812553514e-05,7.246376812294765e-05,7.246376813331794e-05,7.246376812677398e-05,7.246376812763217e-05,7.246376812633184e-05
S24_2013_11179684,9.828009829537996e-05,9.82800982928963e-05,9.828009829211171e-05,9.82800982904687e-05,9.828009829452274e-05,0.767409835958669,9.828009829312712e-05,0.018788259154922205,9.828009829471986e-05,0.21163974272396302,9.828009829239213e-05,9.82800982902813e-05,9.828009829485552e-05,9.828009829103795e-05,9.82800982960005e-05,9.828009829814283e-05,9.82800982970973e-05,9.828009829053545e-05,9.828009828957516e-05,9.828009829120262e-05,9.828009828443978e-05,9.82800982982649e-05,9.828009829405383e-05,9.828009829358868e-05,9.828009829110723e-05
S24_2013_11620754,0.03548725701916031,9.389671363246106e-05,0.3129970658014059,0.0046576799307999,0.006632957605474224,9.3896713632675e-05,9.38967136364777e-05,9.389671362980874e-05,0.007413753746107745,0.04674575216480307,9.389671362943737e-05,9.389671362997975e-05,9.389671362861819e-05,0.1460862737223963,0.4322145676812808,9.389671363523215e-05,9.3896713634233e-05,9.389671363052744e-05,9.389671362222624e-05,9.389671362740288e-05,9.38967136233556e-05,0.006262344910473612,9.389671364160323e-05,9.389671363431655e-05,9.38967136296969e-05
S24_2013_11947552,0.12157439432442844,6.956521740513751e-05,0.006015183064326197,6.95652174117643e-05,6.956521740171789e-05,6.956521740355022e-05,6.956521740012117e-05,0.1800925558553848,0.6527690676994976,6.956521740396884e-05,6.956521740092618e-05,6.956521739975517e-05,6.956521740341306e-05,6.956521740578794e-05,6.956521740375746e-05,6.956521740237909e-05,0.03815749470829643,6.956521740565893e-05,6.956521739786835e-05,6.956521740001589e-05,6.956521740661889e-05,6.956521740435514e-05,6.956521740261532e-05,6.95652174006972e-05,6.956521740627143e-05
S24_2013_11812815,6.088280061923908e-05,0.004801776851523415,6.088280061737998e-05,6.0882800618575875e-05,6.088280061612433e-05,0.017453990996512698,6.088280061537412e-05,6.088280061880977e-05,6.0882800621115585e-05,6.08828006185854e-05,6.0882800622351514e-05,6.0882800617113354e-05,6.088280062031328e-05,0.9248702912190366,6.0882800619718204e-05,6.088280061801467e-05,6.0882800616489416e-05,6.088280061691553e-05,6.0882800637847664e-05,0.05159540211993145,6.088280061303499e-05,6.088280061761607e-05,6.088280061703969e-05,6.088280061591641e-05,6.088280061806226e-05
S24_2013_11594670,0.00017391304351548298,0.13170110534195545,0.0001739130435145018,0.00017391304351795157,0.00017391304350916409,0.3107582912677576,0.000173913043511573,0.00017391304350160335,0.00017391304350743462,0.0001739130435236532,0.00017391304350172448,0.0001739130435033348,0.00017391304351700292,0.10985932195261076,0.00017391304350837194,0.00017391304350908003,0.00017391304350967268,0.07493305228872665,0.0001739130435215841,0.00017391304353662473,0.00017391304349354713,0.0001739130435130617,0.00017391304350649838,0.00017391304353917862,0.3692699682786883
S24_2013_11742593,0.27644487512642557,7.380073802309436e-05,7.380073801938704e-05,7.380073801591838e-05,7.380073801541022e-05,7.380073801993135e-05,7.380073801821908e-05,7.380073801860358e-05,7.380073801733418e-05,7.380073802057756e-05,7.380073801708202e-05,0.0371370593675878,7.380073801658105e-05,7.380073802001114e-05,7.380073802062572e-05,7.380073801789306e-05,7.380073802209696e-05,7.380073801784664e-05,0.00683559854944934,7.380073802631568e-05,0.3961946707075552,0.28191178148859986,7.380073801632471e-05,7.380073801622004e-05,7.380073802266e-05
S24_2013_11161117,6.472491910554437e-05,6.472491910464698e-05,6.47249191037125e-05,6.472491910303455e-05,6.472491911032543e-05,0.052045178337979725,0.06561461571922046,6.47249191072275e-05,0.485186762373323,6.472491910637873e-05,6.472491910224074e-05,6.472491910683654e-05,6.472491910431761e-05,6.472491910334652e-05,6.472491910519866e-05,6.472491910856454e-05,6.472491910414277e-05,6.472491910596851e-05,6.472491910337504e-05,6.472491911114797e-05,6.472491909801385e-05,6.472491910664805e-05,0.09575793545620245,0.30010100973116377,6.472491910992342e-05
S24_2013_11180865,0.18357023908600728,0.01977399085620985,8.456659620743188e-05,8.456659621115539e-05,8.456659621221605e-05,0.11475089902764787,8.456659620691602e-05,8.456659620741043e-05,8.456659621330292e-05,8.456659620954913e-05,8.456659620978406e-05,8.456659621013011e-05,8.456659621083374e-05,8.456659621002436e-05,8.456659620715566e-05,8.45665962080685e-05,8.456659620822899e-05,0.4661007109600412,8.45665962010453e-05,8.456659621219587e-05,8.456659619871926e-05,8.456659620787993e-05,8.456659620648631e-05,8.4566596207024e-05,0.21411282814592825
S24_2013_11832809,0.00014925373137048727,0.00014925373136719314,0.12714465197700897,0.00014925373135990953,0.00014925373137039625,0.3118879745809133,0.12847106590933785,0.00014925373136664332,0.00014925373137106724,0.00014925373137462643,0.00014925373136615995,0.03253878992548697,0.3969724429799251,0.00014925373136056802,0.0001492537313750762,0.00014925373136430513,0.00014925373136752244,0.0001492537313650735,0.0001492537313560541,0.0001492537313577632,0.0001492537313563668,0.00014925373137956557,0.0001492537313665019,0.0001492537313707744,0.00014925373136177853
S24_2013_11860237,9.280742461293426e-05,9.280742461229912e-05,0.32599359147585594,9.280742460822953e-05,9.280742461323956e-05,0.1378311119378489,0.05969623745418823,0.06691662051473521,9.280742461242193e-05,0.09308380022342325,9.280742461209686e-05,9.280742461271269e-05,9.280742461588985e-05,0.010989943595557022,9.280742461135566e-05,9.280742461298532e-05,9.280742461913508e-05,0.037287302332512075,9.28074246093699e-05,9.280742461395467e-05,9.280742460014314e-05,0.1207139450337473,9.280742461025098e-05,0.1460025286383446,9.280742461051109e-05
S24_2013_11802041,0.36014790816187925,0.00015503875972139953,0.0001550387597193106,0.005630033555825364,0.0001550387597157963,0.5492363866597446,0.00015503875971558558,0.0001550387597178209,0.00015503875972055115,0.08172985766851852,0.00015503875971175995,0.00015503875971595296,0.00015503875971505343,0.0001550387597136796,0.0001550387597183001,0.00015503875971235772,0.00015503875972708268,0.0001550387597255722,0.00015503875970526699,0.0001550387597105417,0.00015503875969600164,0.0001550387597153781,0.00015503875972704056,0.0001550387597108944,0.00015503875971697873
S24_2013_1290513,0.050033269045282956,0.00016064257031122052,0.00016064257030804085,0.00016064257031427469,0.0001606425703093135,0.00016064257031633993,0.06733155194973117,0.00016064257031189744,0.00016064257031613802,0.30568606641947843,0.00016064257031747335,0.02114732196730715,0.05997244085024557,0.00016064257032113806,0.012071929139183663,0.0001606425703187764,0.0001606425703033536,0.0001606425703165716,0.00016064257030566767,0.00016064257030535867,0.00016064257029846767,0.4808658543631639,0.00016064257031549452,0.00016064257030798517,0.00016064257030970342
S24_2013_11478992,7.029876978451282e-05,7.02987697836058e-05,7.029876978181916e-05,7.029876977953975e-05,7.02987697810755e-05,0.38081361772153627,7.029876978249438e-05,0.14455570549783173,0.09777529538839302,7.029876978405674e-05,7.029876978031452e-05,7.029876978373652e-05,7.029876978313582e-05,7.029876978138441e-05,0.03489658597221965,0.004236067442911054,7.029876978714131e-05,7.029876978171158e-05,7.02987697804648e-05,7.029876978067294e-05,7.029876977796988e-05,0.33638705135124713,7.02987697829569e-05,7.029876978170891e-05,7.029876978274835e-05
S24_2013_11957122,0.028289516955331197,0.00016736401675825253,0.00016736401675796639,0.00016736401675314453,0.0001673640167631087,0.623620089910871,0.0001673640167619408,0.00016736401675954956,0.00016736401676667462,0.15554773187703308,0.0001673640167534062,0.00016736401675856503,0.10107377670219081,0.00016736401675966105,0.00016736401676016667,0.00016736401676456882,0.0001673640167662715,0.0001673640167558112,0.011182170571916313,0.00016736401675912656,0.0001673640167452199,0.07710679766419942,0.00016736401677345397,0.0001673640167841293,0.0001673640167571891
S24_2013_11680305,0.00016064257030399133,0.0001606425703047688,0.00016064257031290293,0.00016064257030078344,0.00016064257030297226,0.0001606425703140568,0.8217065382939766,0.00016064257030830558,0.17459868258901423,0.00016064257030424202,0.00016064257030164387,0.00016064257031200366,0.00016064257030260469,0.00016064257029901015,0.00016064257031411975,0.0001606425703059874,0.0001606425703035867,0.00016064257029971534,0.00016064257031020375,0.00016064257030274777,0.00016064257029415463,0.00016064257030861867,0.00016064257029737571,0.00016064257030264532,0.0001606425703027321
S24_2013_11460698,0.00017241379313744854,0.00017241379313341588,0.00017241379313274758,0.000172413793123166,0.00017241379312206298,0.6335282171086727,0.00017241379312180681,0.011900073495622825,0.2991868882484273,0.00017241379313278534,0.00017241379312569671,0.009284411128662925,0.0001724137931349985,0.00017241379312568918,0.00017241379313334432,0.00017241379312329946,0.04265213415603598,0.0001724137931433245,0.0001724137931202086,0.0001724137931205666,0.00017241379311837686,0.00017241379313376546,0.00017241379313108078,0.00017241379312724056,0.00017241379313708417
S24_2013_11619166,0.00012500000001434598,0.00012500000001672596,0.00012500000001789349,0.0001250000000190008,0.0001250000000185489,0.24204337364062375,0.3460606544356956,0.026104442235391045,0.00012500000002595675,0.3407085147013932,0.00012500000001316075,0.0001250000000199738,0.00012500000002898805,0.0001250000000128721,0.00012500000002567272,0.00012500000002229825,0.00012500000003237677,0.00012500000001857404,0.0001250000000095797,0.00012500000001858228,0.00012500000000538862,0.00012500000002852986,0.00012500000001781087,0.04258301498651393,0.0001250000000161476
S24_2013_11828498,0.00010230179030760302,0.00010230179030410666,0.00010230179030551554,0.00010230179029989198,0.0001023017902935342,0.16615814835352335,0.00010230179029178871,0.00010230179029841655,0.00010230179029992153,0.0001023017902967548,0.00010230179029568177,0.2892983400608865,0.46527048742734567,0.0001023017902961445,0.00010230179030498502,0.0001023017902973662,0.00010230179029446563,0.00010230179029928356,0.00010230179028838287,0.00010230179030172907,0.00010230179030607158,0.00010230179029994859,0.00010230179028941196,0.00010230179029459854,0.07712468656197882
S24_2013_11646732,0.00014705882355457584,0.0001470588235648852,0.4643626582231197,0.00014705882355220653,0.00014705882355976115,0.00014705882356078572,0.00014705882356538658,0.00014705882355393434,0.0001470588235613935,0.00014705882355608968,0.0001470588235545661,0.00014705882355912106,0.0001470588235508306,0.00014705882356162188,0.16074304528449113,0.31609265996026004,0.00014705882355491387,0.00014705882355522208,0.00014705882354264783,0.00014705882355330917,0.00014705882353756525,0.00014705882355319145,0.0001470588235509653,0.0557134012374737,0.00014705882355235355
S24_2013_11912726,0.15335928309222438,0.2702749811783498,9.925558313802489e-05,9.925558314437367e-05,9.92555831377849e-05,9.925558314890011e-05,0.5249563831768905,9.925558314581558e-05,9.925558315330765e-05,9.9255583141108e-05,9.925558313994234e-05,9.925558314087146e-05,9.925558314322323e-05,9.92555831416567e-05,9.925558314080818e-05,9.925558313871708e-05,9.925558314220604e-05,0.049324985306559044,9.925558313652184e-05,9.925558314833525e-05,9.925558313292544e-05,9.925558313999671e-05,9.925558313720095e-05,9.925558313663707e-05,9.925558314779563e-05
S24_2013_11666987,0.050749738904809945,0.00012698412701792804,0.17081751658464273,0.00012698412700489072,0.00012698412702986733,0.0001269841270083722,0.0001269841270496385,0.00012698412700790632,0.05154984176873406,0.0205644165823704,0.00012698412700458688,0.039690957880701164,0.0001269841269991813,0.5044459972869166,0.04816672322659285,0.00012698412701064992,0.0001269841270069232,0.0001269841270063671,0.00012698412699234146,0.00012698412699526206,0.00012698412699407266,0.11185607760608994,0.00012698412700654305,0.00012698412700603358,0.00012698412700169629
S24_2013_11590697,0.0001423487544732871,0.0001423487544766496,0.00014234875446583387,0.00014234875447399257,0.00014234875446409595,0.0001423487544719308,0.0001423487544620574,0.0001423487544727265,0.0001423487544637157,0.00014234875447226544,0.00014234875447067963,0.00014234875447691114,0.0001423487544708378,0.00014234875447413135,0.00014234875446885828,0.00014234875446614146,0.00014234875447012286,0.7196134458539362,0.0001423487544709983,0.00014234875447349641,0.00014234875446978606,0.05894053348647993,0.00014234875447233252,0.08610363779546588,0.13235305902023722
S24_2013_11183838,8.510638299187332e-05,0.13371851968355286,0.4268289182852195,0.09182321258583635,8.510638299501975e-05,0.05042854564376012,8.51063829916555e-05,0.06058790623184468,8.510638299437686e-05,8.51063829975418e-05,8.510638299345761e-05,8.51063829934721e-05,8.510638299286425e-05,0.2349958762929087,8.510638299842675e-05,8.510638300001612e-05,8.510638299148463e-05,8.510638299319229e-05,8.510638298937273e-05,8.510638299419403e-05,8.510638298470642e-05,8.510638299421403e-05,8.510638299084375e-05,8.510638299685383e-05,8.51063829944303e-05
S24_2013_11213182,0.00011834319528701493,0.00011834319528959675,0.00011834319528731079,0.00011834319528240373,0.00011834319528258915,0.00011834319528776202,0.9598753278328918,0.00011834319528230731,0.0001183431952831297,0.0001183431952883538,0.00011834319528074177,0.00011834319527998523,0.018368417955719883,0.00011834319528400541,0.00011834319528476888,0.01915270391510527,0.00011834319528187552,0.00011834319529689927,0.00011834319527910501,0.00011834319528901634,0.00011834319527497867,0.00011834319528118283,0.00011834319527896435,0.00011834319528417383,0.00011834319531695211
S24_2013_11842651,0.00015037593987696186,0.0001503759398770227,0.00015037593987016,0.0001503759398767377,0.00015037593987209108,0.7967937644524139,0.00015037593987204408,0.00015037593990874262,0.00015037593987322665,0.00015037593988116927,0.00015037593986918165,0.0001503759398754428,0.19974758893044986,0.00015037593987011209,0.00015037593988201793,0.0001503759398764552,0.0001503759398733189,0.00015037593987535778,0.0001503759398636857,0.00015037593990432934,0.00015037593986279098,0.00015037593987147056,0.00015037593986502292,0.00015037593987119233,0.00015037593986792717
S24_2013_8789495,0.1411197654236995,0.00017857142861208198,0.00017857142860477248,0.00017857142860303575,0.00017857142860434254,0.22366622896910074,0.00017857142859852492,0.00017857142859487623,0.0001785714286083725,0.0001785714285998278,0.10331101007145256,0.00017857142860936237,0.0001785714286048197,0.00017857142860440163,0.00017857142860032524,0.0001785714285917716,0.0001785714285955677,0.43194405982086825,0.00017857142859588755,0.0001785714286059023,0.013907235442024544,0.014724625883499851,0.06811278867451198,0.00017857142859798258,0.0001785714286108313
S24_2013_11488901,8.196721312895066e-05,8.196721312741609e-05,8.196721312801838e-05,0.07397830018847837,8.196721313062991e-05,8.196721312963233e-05,8.196721313082174e-05,8.196721313224607e-05,8.196721312904592e-05,0.8991840756881326,8.19672131230073e-05,8.196721312623623e-05,8.196721312603861e-05,8.196721312458151e-05,8.196721312929222e-05,8.196721313237145e-05,8.196721312603076e-05,8.196721312486256e-05,8.196721312192994e-05,8.196721312237243e-05,8.196721312070847e-05,0.02503434543459565,8.196721312844272e-05,8.196721312577665e-05,8.19672131249431e-05
S24_2013_11528434,8.888888891249807e-05,8.88888889057317e-05,0.4892162855097559,8.888888890491878e-05,8.888888890050926e-05,0.08163509005043436,8.888888891613558e-05,8.888888890411773e-05,8.888888890793936e-05,8.888888890990436e-05,8.888888890736089e-05,0.38959816740072084,8.888888890603117e-05,0.0376837903720669,8.88888889085676e-05,8.888888891115008e-05,8.888888890534163e-05,8.888888890504714e-05,8.888888889492538e-05,8.888888890554102e-05,8.888888889345252e-05,8.88888889091872e-05,8.88888889048096e-05,8.888888890622786e-05,8.88888889026008e-05
S24_2013_11778856,0.0001302931596318213,0.00013029315962823657,0.00013029315962907883,0.0001302931596239786,0.00013029315962897038,0.25890305210595516,0.00013029315962760158,0.0001302931596295979,0.00013029315963568688,0.00013029315963384108,0.0001302931596257347,0.00013029315962887806,0.0001302931596260144,0.00013029315962757404,0.45612397513253317,0.00013029315963519668,0.00013029315962726436,0.00013029315962950216,0.00013029315961711547,0.00013029315962472578,0.0001302931596185888,0.2821065232496819,0.00013029315964169176,0.00013029315963417886,0.00013029315962456568
S24_2013_11887877,0.0001556420233838445,0.3002818706409513,0.0001556420233926195,0.00015564202336513583,0.0001556420233726648,0.01635470705856446,0.00015564202336681242,0.0001556420233707708,0.00015564202337365173,0.0001556420233750018,0.07887044568820818,0.00015564202338745522,0.00015564202338151647,0.08455667384454324,0.5168234623002491,0.00015564202336707658,0.00015564202336503828,0.00015564202336965379,0.0001556420233714109,0.00015564202336769759,0.00015564202335523035,0.00015564202336713583,0.00015564202338061526,0.00015564202339644857,0.00015564202337387345
S24_2013_11902465,0.0001481481481767569,0.00014814814817859544,0.00014814814817894111,0.05646583018270668,0.00014814814816589854,0.00014814814817457343,0.00014814814816591827,0.00014814814817651432,0.00014814814817185442,0.0001481481481747101,0.17239644950165411,0.00014814814816785872,0.00014814814817209893,0.00014814814816727857,0.00014814814817030276,0.37624756381475083,0.00014814814816467253,0.00014814814818682378,0.334858144122377,0.057069049415085144,0.000148148148157555,0.00014814814816884475,0.00014814814816202783,0.00014814814816325574,0.0001481481481818582
S24_2013_11882591,0.00018348623855488238,0.00018348623856411764,0.00018348623856307298,0.00018348623855313732,0.0001834862385610272,0.8925908147784507,0.00018348623856265301,0.06725112373813076,0.00018348623857448247,0.00018348623856092566,0.03612136423505187,0.00018348623855831694,0.00018348623857262133,0.00018348623856317663,0.00018348623857156448,0.00018348623856594148,0.00018348623855524341,0.0001834862385710657,0.00018348623854794484,0.00018348623854926567,0.00018348623857835725,0.00018348623856566368,0.00018348623855073427,0.00018348623855959028,0.00018348623856284869
S24_2013_11929305,9.52380952540993e-05,9.523809525285428e-05,9.523809525441941e-05,9.523809524997334e-05,9.523809525300513e-05,0.1926242650493818,9.52380952600481e-05,9.52380952527514e-05,9.523809525839617e-05,9.523809525413433e-05,9.523809524946569e-05,9.523809525138692e-05,9.523809525493144e-05,9.523809525103496e-05,0.024577499612375868,9.523809525893621e-05,9.523809525254347e-05,9.523809525399409e-05,9.523809524439978e-05,9.523809526316187e-05,9.52380952440768e-05,0.7807029972426751,9.523809524964031e-05,9.523809525124007e-05,9.523809525278567e-05
S24_2013_11226423,7.532956687092077e-05,7.532956686731886e-05,7.532956686851773e-05,0.022402808538385277,7.532956686243364e-05,7.532956686994977e-05,7.532956686402723e-05,7.532956686803821e-05,7.532956686716193e-05,7.532956686787935e-05,7.532956686857798e-05,7.532956686295117e-05,0.02159064748347697,7.532956686658374e-05,7.53295668657594e-05,7.532956686561621e-05,7.532956686769799e-05,7.532956686361954e-05,0.9543492935070813,7.532956686856597e-05,7.532956686101513e-05,7.532956686613206e-05,7.532956686691437e-05,7.532956686244786e-05,7.532956686416587e-05
S24_2013_11563099,0.18415292761856392,0.00010869565219400861,0.00010869565219157608,0.00010869565218470486,0.00010869565219243835,0.2292218298458991,0.00010869565218752664,0.0001086956521922706,0.5588798486648121,0.00010869565219396003,0.00010869565218937125,0.00010869565219116929,0.00010869565219722844,0.00010869565218621396,0.00010869565219818157,0.00010869565218984872,0.00010869565219155638,0.00010869565219206808,0.025462785174666075,0.00010869565218641581,0.00010869565219838757,0.00010869565223065963,0.00010869565219064654,0.00010869565219001002,0.00010869565219044828
S24_2013_11546506,0.00015873015875322594,0.00015873015875540828,0.0001587301587620213,0.0001587301587542289,0.00015873015875719177,0.29977767757614004,0.11664014990307313,0.00015873015875956758,0.18850375688165474,0.0001587301587560688,0.0001587301587505906,0.0001587301587603141,0.0001587301587525874,0.00015873015874791384,0.00015873015875236807,0.24115139921436,0.0001587301587525438,0.0001587301587550815,0.00015873015874184188,0.0001587301587697484,0.00015873015874247543,0.15075241324966993,0.0001587301587563069,0.00015873015876745672,0.00015873015875535274
S24_2013_11913335,8.403361346056495e-05,0.10845979409542482,0.4430065260518974,0.2725068033808369,8.403361345822466e-05,8.403361346244856e-05,8.403361345797469e-05,8.403361345976275e-05,8.403361346292579e-05,8.403361345710311e-05,0.018778752644818784,8.40336134591771e-05,0.011862505398808804,0.11738025805164223,8.403361345741403e-05,0.026492755334274906,8.403361345676131e-05,8.403361346428905e-05,8.403361346376816e-05,8.403361345948997e-05,8.403361347156817e-05,8.403361345769003e-05,8.403361345430804e-05,8.403361345973981e-05,8.403361347292108e-05
S24_2013_11439371,0.01783378006122119,0.3469251990607468,0.00014035087722134913,0.00014035087721097223,0.09364228924470375,0.4421963481257154,0.0001403508772566192,0.00014035087722102132,0.00014035087722047464,0.020428932889734276,0.0001403508772121315,0.00014035087722890084,0.0001403508772199043,0.00014035087721602456,0.0001403508772171087,0.00014035087723659567,0.00014035087721180772,0.00014035087721572302,0.0001403508772139331,0.07630678395068942,0.00014035087720406172,0.00014035087722896796,0.000140350877218802,0.00014035087722318344,0.0001403508772114275
S24_2013_11510177,0.00014336917566153094,0.00014336917564213315,0.00014336917564705218,0.00014336917566139563,0.00014336917565852596,0.5868078450909769,0.07152850946961553,0.00014336917564837626,0.00014336917565990507,0.12160748097541403,0.12621558752509507,0.00014336917564896444,0.0001433691756485482,0.00014336917564272572,0.0001433691756471827,0.00014336917565463094,0.0001433691756448085,0.0001433691756455991,0.05673915190371539,0.00014336917564407894,0.03437741069781613,0.0001433691756658045,0.00014336917565328753,0.00014336917564689304,0.00014336917564551575
S24_2013_11825951,9.345794393772273e-05,0.1446237186023319,9.345794393863895e-05,9.345794393932454e-05,9.345794395743706e-05,9.345794394583077e-05,9.345794393837695e-05,9.345794394103303e-05,9.345794394032161e-05,9.345794394093691e-05,9.345794393758848e-05,9.345794393862007e-05,9.345794397258862e-05,0.2538650782684017,0.1843076659977654,9.345794393954028e-05,9.345794394017983e-05,9.345794393630627e-05,9.345794393127444e-05,0.3739101901877204,9.345794393043773e-05,9.345794394236329e-05,0.03005388629711026,0.011463759711778538,9.345794394324424e-05
S24_2013_11202845,8.316008317725623e-05,0.44117359813687196,8.31600831776377e-05,8.316008317180569e-05,0.010401593882898883,8.316008317502267e-05,8.316008317336499e-05,8.316008317282216e-05,8.316008317420863e-05,8.31600831757491e-05,8.316008317252308e-05,8.31600831738969e-05,8.31600831704297e-05,8.316008317600205e-05,0.5097276743231364,0.029106255554404686,8.316008317307342e-05,8.316008317273585e-05,8.316008318497105e-05,8.316008316757805e-05,8.316008316750368e-05,0.007927676439215551,8.316008317259404e-05,8.316008317420764e-05,8.316008316919253e-05
S24_2013_11780806,0.0001379310345025214,0.00013793103451037879,0.0001379310345091187,0.00013793103452380462,0.00013793103450259738,0.223142371676805,0.00013793103450497076,0.03959999791649978,0.10736103922075406,0.22392722575962673,0.0001379310345088734,0.000137931034505404,0.00013793103451372127,0.00013793103450777166,0.00013793103451492878,0.00013793103450687004,0.00013793103450782793,0.05796191818721118,0.00013793103452755398,0.00013793103449863544,0.00013793103449851943,0.18746356652219134,0.14235901666329834,0.00013793103450223117,0.015840036466967855
S24_2013_11787114,0.00016460905352281828,0.00016460905352639986,0.00016460905352559484,0.0001646090535171132,0.00016460905353383976,0.00016460905353476708,0.0001646090535232976,0.0001646090535303205,0.00016460905353636633,0.3462673103522955,0.032662572695641344,0.00016460905352184098,0.00016460905352635928,0.00016460905352774378,0.0001646090535310244,0.4573659037844498,0.00016460905352673136,0.00016460905352971494,0.02379068567269804,0.00016460905352054894,0.00016460905350841707,0.1366213464244009,0.00016460905352730671,0.00016460905352163748,0.00016460905352259434
S24_2013_11154896,5.77200577325736e-05,0.2895108054739985,5.772005773145891e-05,5.7720057734196834e-05,5.772005773091725e-05,5.772005773328952e-05,0.3535577593297902,5.772005773125517e-05,5.772005773017897e-05,0.09203556501394261,5.7720057730652943e-05,5.7720057729917136e-05,5.772005773598496e-05,5.772005772925834e-05,0.035815706965836705,0.13946149305152625,5.7720057732030355e-05,0.02251951662374664,5.772005773304412e-05,5.7720057729063435e-05,5.7720057731818386e-05,0.04081406298966215,5.772005772956983e-05,5.772005773424993e-05,0.025303849570057508
S24_2013_11415029,0.00013245033115518297,0.00013245033114807006,0.14514444151884529,0.0001324503311426873,0.00013245033114398286,0.00013245033115516578,0.5529063068290512,0.00013245033114986428,0.009641723621585566,0.19102432683234866,0.00013245033114651745,0.00013245033114807272,0.0001324503311449988,0.000132450331148892,0.00013245033115446574,0.09863419457522067,0.00013245033115023331,0.00013245033114857364,0.0001324503311367562,0.00013245033114871483,0.00013245033113309956,0.00013245033115725607,0.00013245033114114531,0.00013245033114796858,0.00013245033114693116
S24_2013_11395792,0.00977230803587192,0.00010582010584418598,0.14142202240867932,0.08897762722757234,0.00010582010583714439,0.09738786052266714,0.00010582010583207859,0.0001058201058401639,0.00010582010583708538,0.00010582010583705311,0.07573745429944577,0.00010582010584114105,0.00010582010584507657,0.0001058201058528626,0.00010582010584461245,0.0001058201058398232,0.0001058201058354569,0.00010582010584302484,0.00010582010582895058,0.00010582010583505917,0.4935097062935253,0.00010582010583509554,0.00010582010583433579,0.00010582010583269463,0.09128825930714231
S24_2013_11873542,0.00010723860591327403,0.00010723860591363606,0.0001072386059147072,0.057798688747766065,0.00010723860591278286,0.07303958279819064,0.00010723860591353785,0.02898345952392515,0.000107238605920982,0.00010723860591420289,0.00010723860590887951,0.00010723860591941506,0.00010723860591808569,0.0001072386059137061,0.00010723860591472048,0.00010723860591097431,0.00010723860591668875,0.7286541548199166,0.00010723860591002532,0.00010723860593406656,0.00010723860590535366,0.00010723860591458883,0.00010723860591615311,0.00010723860590967755,0.10937934199190617
S24_2013_11608412,0.0001156069364343231,0.0001156069364351754,0.20198320780673373,0.00011560693643151335,0.00011560693643727865,0.00011560693644324249,0.00011560693643728196,0.00011560693643578531,0.00011560693644257819,0.00011560693643919942,0.00011560693643155008,0.00011560693643151647,0.00011560693643335324,0.0001156069364377371,0.07083380846917084,0.0001156069364344829,0.00011560693644392356,0.3442588516546627,0.00011560693642394372,0.00011560693643386696,0.00011560693642379805,0.00011560693643387524,0.00011560693643247367,0.00011560693643534558,0.3804963864043006
S24_2013_11662755,0.00010230179030159527,0.00010230179029841053,0.2829494702745183,0.263303760885258,0.00010230179030708977,0.00010230179029598264,0.00010230179030627735,0.00010230179030061321,0.00010230179029947213,0.00010230179030296586,0.00010230179029521632,0.00010230179029900817,0.010166188756148442,0.00010230179029609439,0.0001023017903044488,0.00010230179030301913,0.00010230179029488748,0.00010230179029451223,0.35436470186936,0.00010230179030409629,0.012109559147062991,0.032755181352311605,0.00010230179029548421,0.042509705489946564,0.00010230179029504042
S24_2013_11441983,6.756756758502687e-05,6.756756757690046e-05,6.756756757569383e-05,6.75675675759475e-05,6.756756757449839e-05,6.756756757759319e-05,6.756756757361343e-05,6.756756757552313e-05,6.756756757448265e-05,6.756756757593913e-05,6.756756757754445e-05,6.756756757401307e-05,6.756756757592616e-05,6.756756757467497e-05,6.756756757726435e-05,6.756756757458562e-05,6.756756757444821e-05,0.3577431723871585,6.756756757308765e-05,6.75675675763239e-05,6.756756757070995e-05,6.756756757730171e-05,6.756756757532688e-05,6.756756757475037e-05,0.6407027735586003
S24_2013_11866265,9.975062346808346e-05,9.975062346826712e-05,0.050039533002019104,9.9750623452944e-05,9.97506234687329e-05,0.6311860990124115,9.975062345613582e-05,9.975062346115637e-05,9.975062345892812e-05,0.10228836408883378,9.975062346666774e-05,0.08888610374351044,9.975062346220226e-05,9.975062345215968e-05,9.975062345657021e-05,9.975062345618904e-05,9.975062345615279e-05,9.975062345597571e-05,9.975062345184036e-05,9.975062345711639e-05,9.975062345045158e-05,9.975062345550322e-05,9.975062345549158e-05,9.975062346291778e-05,0.12560488768405176
S24_2013_11571767,0.08355668481593476,9.090909092931445e-05,9.090909092625423e-05,9.090909092600188e-05,9.090909092778607e-05,0.4012576104493718,9.090909092714016e-05,9.090909092817143e-05,9.090909092598317e-05,9.090909092473553e-05,9.090909092080082e-05,9.090909092567696e-05,9.090909092421753e-05,9.090909092316177e-05,9.090909092268811e-05,9.090909092581398e-05,0.01609810295878511,0.4230353725344027,9.090909092147481e-05,9.090909092579964e-05,9.090909091912494e-05,9.09090909245313e-05,9.090909092620445e-05,9.090909092105147e-05,0.07423404742300962
S24_2013_4069509,0.00013793103450874034,0.0001379310345051049,0.00013793103450631468,0.0001379310344980078,0.0001379310345036269,0.00013793103450900318,0.3584360237838208,0.00013793103450920405,0.04507431134722028,0.31080023456792133,0.00013793103450141251,0.00013793103450205965,0.00013793103451152655,0.00013793103450033376,0.00013793103450630462,0.1965601270582803,0.00013793103450697314,0.04289050790286031,0.0001379310345217236,0.00013793103449740856,0.0001379310344904885,0.00013793103451279756,0.0001379310345149772,0.04361810568429082,0.0001379310345001317
S24_2013_11360755,0.00011494252875443637,0.0001149425287609477,0.2911675489611871,0.00011494252875430728,0.00011494252874998914,0.00011494252875243432,0.000114942528750626,0.00011494252875171754,0.00011494252875272159,0.00011494252875942757,0.00011494252875440048,0.00011494252875128699,0.00011494252874947001,0.3853207234793319,0.06161983311009927,0.00011494252875522507,0.00011494252874765994,0.00011494252875274166,0.00011494252874346959,0.07909699182146687,0.021693733843552207,0.00011494252875029513,0.1589172607380659,0.0001149425287477041,0.00011494252875809684
S24_2013_11286801,0.000136986301396396,0.0253032819748953,0.00013698630139723783,0.0001369863013948518,0.02348958259175469,0.16594239875505798,0.00013698630139419917,0.000136986301395459,0.0001369863013954011,0.00013698630139276802,0.00013698630139573055,0.00013698630140066286,0.35199727405518394,0.00013698630140433592,0.00013698630139283947,0.0001369863013967814,0.09008187929036293,0.00013698630138692092,0.00013698630138742253,0.00013698630139484638,0.14992477416051325,0.09997500072069564,0.00013698630139410387,0.09095704132783022,0.00013698630138611666
S24_2013_11290007,6.791171478577417e-05,0.03778262452204405,6.7911714785877e-05,6.791171478022837e-05,6.791171478345635e-05,0.041421448280010355,6.791171478858499e-05,0.07784040495092232,0.027471497449479593,6.791171478611816e-05,0.034868827577763814,6.79117147829949e-05,6.791171478670095e-05,6.79117147832167e-05,0.5678704335400746,6.791171478252868e-05,6.791171478662843e-05,0.010900534321993331,6.791171477795313e-05,0.20068973020639763,6.79117147768415e-05,6.791171478205412e-05,6.791171477890748e-05,6.79117147830774e-05,6.791171478343838e-05
S24_2013_11656335,6.42054574768063e-05,6.420545747570186e-05,6.420545747211612e-05,6.42054574745258e-05,6.420545747364165e-05,6.420545747711046e-05,6.420545747198212e-05,6.420545747330772e-05,6.420545747626965e-05,6.420545747679368e-05,6.420545747205331e-05,6.420545747523361e-05,6.420545748145714e-05,0.07163800724580746,6.420545747372653e-05,0.5536119366182269,6.420545747076854e-05,6.420545747448498e-05,0.37333753607152337,6.420545747029552e-05,6.420545746944739e-05,6.420545747341013e-05,6.420545747571656e-05,6.42054574842413e-05,6.420545747324407e-05
S24_2013_11402957,6.182380217561817e-05,0.05882915573832523,6.18238021758041e-05,0.40488665549380964,6.182380217272991e-05,6.182380217549513e-05,6.18238021726244e-05,6.18238021741687e-05,6.182380217580796e-05,6.182380217286673e-05,6.18238021779091e-05,6.18238021727829e-05,6.182380217315579e-05,6.182380217302879e-05,0.397635713560155,6.182380217231086e-05,6.18238021728811e-05,6.18238021726523e-05,6.182380216824102e-05,0.13735017536207253,6.182380216861237e-05,6.18238021710257e-05,6.18238021732085e-05,6.182380217383629e-05,6.182380217304038e-05
S24_2013_11326255,0.6230350010225328,0.0001351351351558964,0.027792193770332006,0.00013513513515788734,0.00013513513516011488,0.00013513513516025485,0.00013513513515554234,0.00013513513515213657,0.0001351351351615664,0.13189692418982535,0.00013513513515124793,0.00013513513516411136,0.00013513513515253262,0.0001351351351567021,0.00013513513516036056,0.21443804317904638,0.0001351351351543289,0.0001351351351596939,0.00013513513515045754,0.00013513513515789048,0.00013513513514255487,0.00013513513515141964,0.00013513513514767903,0.00013513513515476988,0.00013513513515628358
S24_2013_11015127,0.00017543859652055562,0.00017543859651583712,0.00017543859651613,0.0001754385965093733,0.00017543859651678284,0.5800971103694882,0.019943073026883962,0.0001754385965250024,0.20286828325193912,0.00017543859652363697,0.0001754385965187879,0.08994794307373095,0.021985687025078998,0.0001754385965122311,0.00017543859652097846,0.0001754385965160868,0.0001754385965282963,0.00017543859651497203,0.00017543859650084526,0.00017543859651623266,0.011187479772764925,0.00017543859654245593,0.00017543859653247287,0.07081252874276449,0.0001754385965185899
S24_2013_11575808,0.04443945841987408,0.00010958904111115838,0.11496534496739279,0.00010958904110900618,0.00010958904111537823,0.5882722586473887,0.00010958904111688484,0.00010958904111704087,0.07763367434317456,0.0001095890411159926,0.00010958904112051686,0.00010958904111136518,0.00010958904111771855,0.00010958904111205552,0.00010958904112284573,0.00010958904111885169,0.00010958904111363532,0.0001095890411146097,0.00010958904116584506,0.00010958904111172891,0.00010958904117045144,0.02160028535470915,0.00010958904112142256,0.15100678648615984,0.00010958904111451282
