,0,1,2,3,4,5,6,7,8,9,10,11,12,13,14,15,16,17,18,19,20,21,22,23,24,25,26,27,28,29
S24_2013_11735526,0.00013440860215178983,0.000134408602151781,0.027297782982323274,0.00013440860215181008,0.000134408602151798,0.00013440860215172755,0.1733181441792746,0.000134408602151838,0.0001344086021516944,0.08740022558221819,0.07948808725749601,0.00013440860215176061,0.06632529442700223,0.00013440860215175752,0.11637342995662404,0.0001344086021518084,0.00013440860215186126,0.00013440860215188638,0.00013440860215186955,0.00013440860215191492,0.00013440860215179024,0.00013440860215182922,0.0001344086021518389,0.0001344086021518953,0.00013440860215188603,0.00013440860215196358,0.00013440860215181659,0.00013440860215177007,0.4467056377655697,0.00013440860215176232
S24_2013_10819863,0.00013717421124916437,0.00013717421124921273,0.00013717421124921457,0.00013717421124922585,0.00013717421124927577,0.00013717421124923474,0.39782640099993055,0.00013717421124921164,0.00013717421124915575,0.00013717421124921297,0.15605786998890486,0.014815053672861365,0.00013717421124926583,0.00013717421124915556,0.06699948581868484,0.00013717421124967273,0.00013717421124925577,0.000137174211249263,0.00013717421124923186,0.00013717421124913347,0.2391119258472958,0.000137174211249256,0.00013717421124912426,0.00013717421124916825,0.000137174211249229,0.00013717421124918164,0.00013717421124918416,0.00013717421124921872,0.12189708260234111,0.0001371742112491946
S24_2013_11445294,0.00010548523206809369,0.00010548523206810976,0.00010548523206810013,0.000105485232068126,0.00010548523206815974,0.00010548523206805627,0.0001054852320681197,0.00010548523206814747,0.00010548523206817521,0.00010548523206812951,0.19312652247210452,0.00010548523206812069,0.40419029797378686,0.00010548523206808458,0.3998350782882695,0.00010548523206807923,0.0001054852320681231,0.00010548523206810831,0.00010548523206817625,0.00010548523206818533,0.00010548523206816956,0.00010548523206812207,0.00010548523206807202,0.00010548523206809361,0.00010548523206817191,0.00010548523206807755,0.0001054852320680951,0.00010548523206811058,0.00010548523206815259,0.00010548523206805779
S24_2013_11532605,6.66666666669956e-05,6.666666666701481e-05,6.666666666701317e-05,6.666666666698872e-05,6.666666666701969e-05,6.666666666697136e-05,6.666666666702085e-05,6.666666666700798e-05,6.666666666696344e-05,6.666666666700483e-05,0.35654445200549506,6.666666666696305e-05,6.666666666700722e-05,6.666666666701016e-05,6.666666666702063e-05,6.666666666701042e-05,6.66666666670017e-05,0.6415888813278288,6.666666666703142e-05,6.666666666699948e-05,6.666666666699343e-05,6.666666666700062e-05,6.666666666699646e-05,6.666666666698818e-05,6.666666666703618e-05,6.666666666703434e-05,6.666666666697697e-05,6.666666666700265e-05,6.666666666702532e-05,6.666666666697433e-05
S24_2013_11584832,4.8239266763294956e-05,4.823926676331841e-05,0.0499047256917604,4.823926676331573e-05,4.823926676331459e-05,4.823926676328221e-05,0.2225698603287612,4.8239266763304775e-05,4.823926676327039e-05,4.823926676331325e-05,0.00500942355029546,4.8239266763280475e-05,4.8239266763312236e-05,4.823926676329261e-05,0.0768673499880203,4.8239266763296e-05,4.8239266763322386e-05,4.8239266763336705e-05,4.823926676331523e-05,4.823926676329702e-05,4.823926676332561e-05,4.823926676330846e-05,4.823926676334446e-05,4.8239266763300106e-05,4.8239266763306916e-05,4.823926676330192e-05,0.5754955054659082,4.823926676330184e-05,0.06899539257293526,4.8239266763279025e-05
S24_2013_11947106,0.028646507855370176,5.649717514175595e-05,5.6497175141775484e-05,5.649717514174607e-05,5.649717514175823e-05,5.649717514171395e-05,5.6497175141741785e-05,5.6497175141766403e-05,5.64971751417784e-05,5.649717514176247e-05,0.1619799928584241,0.0537532730737615,5.6497175141752316e-05,5.6497175141729554e-05,0.07293072798907209,5.649717514174254e-05,0.04401935676532401,0.4620620045749469,5.6497175141770835e-05,5.649717514174743e-05,5.649717514175214e-05,5.64971751417693e-05,5.649717514171936e-05,0.009061986403026866,5.6497175141763625e-05,0.04827557469091242,5.649717514173467e-05,5.649717514178889e-05,0.11808413511118525,5.649717514171321e-05
S24_2013_11191735,0.0001199040767392332,0.00011990407673930092,0.49037792915141565,0.00011990407673929113,0.00011990407673926513,0.0001199040767392151,0.00011990407673928016,0.00011990407673926368,0.00011990407673917706,0.03365308558125268,0.00011990407673928814,0.00011990407673923467,0.00011990407673925164,0.00011990407673925272,0.00011990407673928387,0.00011990407673924318,0.00011990407673927026,0.0001199040767392662,0.00011990407673931539,0.0001199040767392326,0.17902916429199403,0.00011990407673927124,0.00011990407673924079,0.00011990407673923909,0.06752799510047244,0.0001199040767392143,0.00011990407673925272,0.0001199040767393153,0.2264142239563838,0.00011990407673923933
S24_2013_11831038,0.00013440860215099953,0.0001344086021510756,0.00013440860215108312,0.0001344086021511777,0.00013440860215112625,0.0001344086021509563,0.06904852080349154,0.00013440860215113763,0.000134408602150941,0.00013440860215103536,0.0001344086021511309,0.00013440860215097958,0.0001344086021510828,0.0001344086021510858,0.000134408602151074,0.0001344086021510245,0.00013440860215105377,0.0001344086021510173,0.00013440860215106998,0.00013440860215107074,0.4022206582913662,0.5251017886470637,0.00013440860215100165,0.00013440860215105455,0.0001344086021510743,0.00013440860215108277,0.00013440860215100335,0.00013440860215104417,0.00013440860215111234,0.00013440860215113617
S24_2013_11256816,6.082725060851522e-05,6.082725060857333e-05,6.082725060855164e-05,6.0827250608581656e-05,0.04193756547575807,6.082725060852384e-05,6.0827250608553785e-05,6.0827250608590295e-05,6.082725060850394e-05,6.082725060854001e-05,0.1664822661098787,6.082725060853709e-05,6.082725060854206e-05,6.082725060855826e-05,6.0827250608580355e-05,6.082725060852816e-05,6.082725060856123e-05,6.082725060853699e-05,6.082725060857016e-05,6.0827250608545864e-05,6.082725060858377e-05,6.082725060855512e-05,6.082725060851932e-05,6.082725060852969e-05,6.082725060855683e-05,6.082725060853648e-05,6.082725060854025e-05,0.14930298459703917,0.6406956753015017,6.08272506085447e-05
S24_2013_11179684,8.250825082547549e-05,8.250825082551336e-05,8.250825082548488e-05,8.2508250825562e-05,0.1958545569519114,8.250825082546367e-05,8.250825082550055e-05,8.250825082550584e-05,8.250825082546161e-05,8.25082508255327e-05,8.25082508254876e-05,8.25082508255176e-05,8.250825082550482e-05,8.250825082549892e-05,0.17345180487747636,8.250825082549545e-05,8.250825082549831e-05,8.250825082547891e-05,8.250825082551914e-05,8.250825082549253e-05,8.250825082550546e-05,8.250825082553045e-05,8.250825082547267e-05,8.250825082547308e-05,8.250825082550826e-05,8.250825082549009e-05,8.250825082547621e-05,8.250825082553945e-05,0.6284659153983239,8.250825082550444e-05
S24_2013_11620754,7.824726134639658e-05,7.824726134636482e-05,0.10593174047355104,0.04852942214408599,7.824726134634414e-05,7.824726134631358e-05,0.1330239716521979,7.824726134631248e-05,7.824726134626705e-05,7.824726134636352e-05,0.10208160454517966,7.824726134629084e-05,0.031049235662357545,7.824726134633251e-05,7.824726134637772e-05,7.824726134631275e-05,7.824726134631708e-05,7.824726134633639e-05,7.82472613463691e-05,7.82472613463219e-05,0.5775060912503159,7.824726134632635e-05,7.824726134630569e-05,7.824726134630476e-05,7.824726134636933e-05,7.824726134633231e-05,7.824726134633305e-05,7.824726134634269e-05,7.824726134633311e-05,7.824726134634743e-05
S24_2013_11947552,5.7971014492946846e-05,0.34023374491632336,0.008462078137040408,5.7971014492974005e-05,0.22781416975029234,5.7971014492949224e-05,5.797101449297191e-05,5.7971014492966185e-05,5.7971014492909745e-05,5.7971014492977244e-05,5.7971014492956834e-05,0.29309454690742376,5.7971014492995973e-05,5.7971014492939046e-05,5.797101449296165e-05,5.7971014492948906e-05,5.797101449296008e-05,5.797101449297836e-05,5.797101449296034e-05,5.797101449294087e-05,0.021847086205647043,5.7971014492975164e-05,5.7971014492931335e-05,5.7971014492956874e-05,5.797101449295445e-05,5.797101449294542e-05,5.797101449296217e-05,5.79710144929571e-05,0.10715706973544169,5.7971014492956705e-05
S24_2013_11812815,5.073566717423325e-05,5.0735667174240355e-05,0.2225969626421858,5.0735667174235964e-05,5.0735667174241256e-05,5.073566717420469e-05,0.18771794987410376,5.0735667174255385e-05,5.073566717436775e-05,5.073566717423358e-05,5.073566717422517e-05,5.0735667174217234e-05,5.0735667174224986e-05,0.02923930167931489,5.073566717423464e-05,5.07356671742343e-05,0.41612421079021705,5.0735667174231756e-05,5.0735667174241886e-05,5.073566717422827e-05,0.016411622731191514,5.073566717424659e-05,5.073566717424977e-05,5.073566717425383e-05,5.073566717422855e-05,5.0735667174227426e-05,0.12669229627080478,5.073566717423427e-05,5.073566717426001e-05,5.073566717424966e-05
S24_2013_11594670,0.00014492753623328945,0.00014492753623334545,0.1894592513610279,0.00014492753623330677,0.00014492753623334946,0.0001449275362332594,0.15658714616954786,0.00014492753623336182,0.00014492753623322928,0.0001449275362333429,0.00014492753623334607,0.010868107099251833,0.0001449275362333197,0.00014492753623327219,0.00014492753623331385,0.00014492753623331466,0.000144927536233299,0.15986996462643077,0.12539424879152203,0.00014492753623329802,0.00014492753623332943,0.00014492753623334705,0.0001449275362333796,0.00014492753623339438,0.00014492753623333008,0.2550244454191292,0.00014492753623335488,0.0001449275362333699,0.09946350319972377,0.00014492753623333523
S24_2013_11742593,6.150061500629481e-05,0.5021431363585966,6.15006150063109e-05,6.150061500632594e-05,6.150061500630934e-05,0.49276375405678563,6.150061500631737e-05,6.150061500632056e-05,6.15006150062753e-05,6.150061500633083e-05,6.150061500630369e-05,0.0034325929794469493,6.150061500631087e-05,6.150061500630884e-05,6.150061500633425e-05,6.1500615006366e-05,6.150061500631049e-05,6.150061500632583e-05,6.150061500633757e-05,6.150061500630796e-05,6.150061500631899e-05,6.150061500632734e-05,6.150061500632702e-05,6.150061500630358e-05,6.15006150063122e-05,6.150061500631023e-05,6.150061500633905e-05,6.15006150063208e-05,6.150061500634546e-05,6.150061500629245e-05
S24_2013_11161117,5.3937432578766815e-05,5.393743257879676e-05,5.3937432578776214e-05,0.055872453931445444,0.024460296171350204,5.3937432578793236e-05,0.005248322880664746,5.393743257882209e-05,5.39374325787646e-05,5.393743257879484e-05,0.18428046517081526,5.3937432578768184e-05,5.3937432578795594e-05,5.3937432578775076e-05,0.04993494372369418,0.01661076825668695,5.393743257881397e-05,5.393743257878873e-05,0.11368944154796325,5.393743257877383e-05,5.393743257880199e-05,0.18563239217445174,5.3937432578753005e-05,5.39374325787789e-05,0.33341920198635394,5.3937432578791515e-05,5.39374325787627e-05,5.393743257879375e-05,0.029772965504998607,5.393743257876186e-05
S24_2013_11180865,7.062146892724737e-05,7.06214689272755e-05,7.06214689272913e-05,7.062146892725528e-05,7.062146892727443e-05,7.062146892720605e-05,7.062146892726045e-05,0.09827326056134524,7.062146892720418e-05,7.062146892729195e-05,0.05762353500257235,7.06214689272337e-05,7.062146892725484e-05,7.062146892729478e-05,0.0625673671689781,7.062146892730789e-05,7.062146892727349e-05,0.5709996549710514,7.062146892728693e-05,7.062146892725422e-05,7.062146892727018e-05,7.06214689272972e-05,7.062146892728959e-05,0.02999743079524215,7.062146892727868e-05,0.06734067313012673,7.06214689273365e-05,7.062146892727682e-05,0.1115737845853569,7.062146892722088e-05
S24_2013_11832809,0.00013071895424927936,0.00013071895424931164,0.02658827214170004,0.00013071895424936344,0.1173165408214982,0.00013071895424927573,0.0001307189542493376,0.00013071895424934156,0.0001307189542492272,0.00013071895424933926,0.00013071895424936273,0.00013071895424927342,0.00013071895424935314,0.00013071895424934926,0.27253280310253086,0.00013071895424925743,0.00013071895424933365,0.0001307189542492996,0.0001307189542493795,0.0001307189542493192,0.00013071895424940648,0.1009745766820279,0.00013071895424932606,0.00013071895424934116,0.14486807377265495,0.00013071895424934482,0.0001307189542492816,0.00013071895424929755,0.3345824785776041,0.00013071895424953507
S24_2013_11860237,7.751937984533944e-05,7.751937984536073e-05,7.751937984536031e-05,0.04281326773455772,0.23617194155371973,7.751937984530214e-05,0.03440543208878314,7.751937984537667e-05,7.75193798452891e-05,0.5155390454510302,0.06874124903194546,7.751937984538984e-05,0.04040050910821258,7.751937984539722e-05,0.055089759824193466,7.751937984534508e-05,7.751937984537952e-05,7.751937984542944e-05,7.751937984537302e-05,7.751937984537645e-05,7.751937984540203e-05,0.005133368850959425,7.751937984532536e-05,7.751937984537884e-05,7.751937984538613e-05,7.751937984539097e-05,7.751937984531879e-05,7.751937984536397e-05,7.751937984539163e-05,7.751937984533741e-05
S24_2013_11802041,0.007808189053471525,0.0001291989664090943,0.00012919896640909833,0.00012919896640902715,0.00012919896640910345,0.00012919896640899682,0.00012919896640902715,0.00012919896640905152,0.00012919896640895215,0.036173859031907604,0.4313008676445919,0.00012919896640896296,0.000129198966409042,0.00012919896640901975,0.08653607098859237,0.00012919896640913606,0.0001291989664089984,0.00012919896640909673,0.06996637514983242,0.00012919896640903962,0.00012919896640901682,0.0001291989664090535,0.00012919896640902577,0.00012919896640901118,0.00012919896640904832,0.00012919896640897863,0.0001291989664090326,0.00012919896640901707,0.3651138629377873,0.00012919896640897698
S24_2013_1290513,0.00013386880856847786,0.14593018705253197,0.00013386880856853484,0.13547624820436907,0.02975936454430237,0.0001338688085684713,0.00013386880856849285,0.00013386880856855894,0.00013386880856842856,0.0001338688085684893,0.17797205925799411,0.17668209886179762,0.00013386880856846336,0.00013386880856843946,0.00013386880856854815,0.00013386880856849047,0.00013386880856848234,0.00013386880856848052,0.3309671906733611,0.0001338688085684916,0.00013386880856848223,0.00013386880856851722,0.0001338688085684322,0.00013386880856846195,0.00013386880856850134,0.00013386880856846784,0.00013386880856850334,0.00013386880856851007,0.00013386880856854416,0.0001338688085684558
S24_2013_11478992,5.8582308143221994e-05,5.858230814326787e-05,5.858230814325171e-05,5.858230814325743e-05,0.2012226529811827,5.85823081432107e-05,5.85823081432526e-05,5.858230814326697e-05,5.8582308143208286e-05,5.858230814326552e-05,0.04182366181013867,0.003969879672789463,5.8582308143237844e-05,5.858230814322979e-05,5.8582308143256844e-05,5.858230814324859e-05,5.858230814323786e-05,5.858230814324203e-05,0.5921533014821299,5.858230814325102e-05,5.858230814327255e-05,5.858230814326815e-05,5.8582308143222834e-05,5.8582308143248726e-05,5.858230814325871e-05,5.8582308143221215e-05,5.85823081432231e-05,0.04315942372759884,0.11626510493072274,5.858230814321182e-05
S24_2013_11957122,0.00014184397163194862,0.00014184397163196743,0.0001418439716319357,0.00014184397163218633,0.0001418439716319759,0.00014184397163185213,0.0001418439716319453,0.0001418439716319981,0.012087858682033246,0.00014184397163196407,0.00014184397163195567,0.0001418439716319931,0.00014184397163208298,0.0001418439716320883,0.2871139557976853,0.00014184397163193998,0.00014184397163198538,0.00014184397163192341,0.024006015427761086,0.0001418439716321111,0.00014184397163197825,0.014306485704630115,0.00014184397163190815,0.00014184397163193884,0.00014184397163200934,0.00014184397163215644,0.00014184397163205482,0.00014184397163195337,0.6589395850970905,0.00014184397163190737
S24_2013_11680305,0.0001338688085680305,0.00013386880856807582,0.00013386880856807693,0.08313925424554093,0.0001338688085681395,0.00013386880856802714,0.00013386880856813753,0.0001338688085680875,0.0001338688085679943,0.4060189801359401,0.4757602187467946,0.014267138240223519,0.00013386880856811796,0.00013386880856805958,0.00013386880856819505,0.00013386880856808118,0.0001338688085680766,0.00013386880856803074,0.00013386880856817692,0.00013386880856807774,0.00013386880856820213,0.000133868808568083,0.0001338688085680473,0.00013386880856806893,0.01746768841729876,0.00013386880856802228,0.0001338688085680222,0.00013386880856808552,0.00013386880856812124,0.00013386880856808007
S24_2013_11460698,0.00014430014430132467,0.00014430014430135828,0.00014430014430137254,0.00014430014430157073,0.0001443001443013903,0.00014430014430127463,0.0001443001443013714,0.00014430014430134034,0.00014430014430126387,0.00014430014430146358,0.18022609898017045,0.00014430014430134993,0.00014430014430137416,0.0001443001443013726,0.0001443001443013802,0.00014430014430134004,0.00014430014430137923,0.00014430014430142667,0.00014430014430141534,0.0001443001443013794,0.04912713337697867,0.00014430014430137593,0.00014430014430130675,0.00014430014430135497,0.00014430014430135996,0.000144300144301314,0.0001443001443013468,0.023705276649033543,0.7431896872419819,0.00014430014430132126
S24_2013_11619166,0.00010416666666702446,0.00010416666666703685,0.00010416666666704801,0.13388702280731007,0.00010416666666712395,0.0001041666666669765,0.00010416666666708597,0.00010416666666705474,0.00010416666666698001,0.00010416666666702474,0.0001041666666671,0.00010416666666716133,0.00010416666666705558,0.00010416666666704532,0.46042971295253515,0.00010416666666702197,0.0001041666666670507,0.00010416666666704727,0.00010416666666712295,0.33293859467712666,0.00010416666666703693,0.07003633622968461,0.00010416666666719801,0.00010416666666703353,0.00010416666666713314,0.00010416666666703372,0.00010416666666699974,0.00010416666666705501,0.00010416666666710556,0.00010416666666699439
S24_2013_11828498,8.613264427270972e-05,8.613264427279323e-05,0.08998126678842813,8.613264427269873e-05,8.613264427268003e-05,8.613264427276113e-05,8.613264427269004e-05,8.613264427270812e-05,8.613264427265435e-05,0.16206365193222108,8.613264427270053e-05,8.613264427266138e-05,0.0183356749330724,8.613264427277141e-05,8.613264427271242e-05,8.613264427270307e-05,8.613264427268981e-05,0.007839075082423541,8.613264427273046e-05,8.613264427280453e-05,8.613264427272688e-05,8.613264427270196e-05,8.613264427269397e-05,8.613264427276924e-05,8.613264427270056e-05,8.613264427268033e-05,8.613264427268054e-05,8.61326442726866e-05,0.719627015157037,8.613264427270914e-05
S24_2013_11646732,0.0001225490196083985,0.00012254901960842698,0.000122549019608435,0.28225877053167103,0.000122549019608418,0.00012254901960833756,0.06118923816023672,0.00012254901960843552,0.00012254901960834065,0.0001225490196084791,0.0001225490196084672,0.00012254901960836905,0.00012254901960841215,0.00012254901960839377,0.00012254901960844536,0.00012254901960844517,0.44761525113070805,0.00012254901960841996,0.0001225490196084581,0.0001225490196084117,0.20575046566756555,0.00012254901960842484,0.0001225490196084284,0.00012254901960839548,0.00012254901960844652,0.00012254901960837637,0.00012254901960840153,0.00012254901960843874,0.0001225490196084443,0.0001225490196083721
S24_2013_11912726,8.27129859390649e-05,8.271298593905311e-05,8.271298593908672e-05,8.271298593903522e-05,8.271298593905132e-05,8.271298593901322e-05,8.27129859390652e-05,0.6750411305195512,8.271298593902089e-05,8.271298593906373e-05,8.271298593902197e-05,8.271298593899327e-05,8.271298593902293e-05,8.271298593904046e-05,8.271298593902419e-05,8.271298593905986e-05,8.27129859390507e-05,0.027172490836438933,8.271298593903906e-05,8.271298593903071e-05,8.271298593905042e-05,8.271298593905364e-05,8.271298593910129e-05,8.271298593901996e-05,8.271298593903837e-05,8.271298593901067e-05,8.271298593904299e-05,8.271298593904127e-05,8.271298593909545e-05,0.2955531280236558
S24_2013_11666987,0.00010582010582089908,0.06833561867505475,0.26565549600544786,0.00010582010582094219,0.04213674276019142,0.00010582010582086543,0.19322762108942954,0.00010582010582095375,0.0001058201058208639,0.00010582010582096167,0.00010582010582092665,0.00010582010582101281,0.00010582010582092835,0.00010582010582089771,0.07828823849985932,0.00010582010582104642,0.00010582010582091331,0.00010582010582092331,0.00010582010582093346,0.00010582010582091511,0.3498166004303147,0.00010582010582096043,0.0001058201058209635,0.00010582010582089419,0.00010582010582098315,0.00010582010582090133,0.00010582010582102374,0.00010582010582093708,0.00010582010582095398,0.00010582010582087936
S24_2013_11590697,0.00011862396204111754,0.059466583030937666,0.0001186239620412154,0.0001186239620411592,0.00011862396204122655,0.00011862396204119167,0.00011862396204120957,0.0001186239620411508,0.0001186239620411063,0.00011862396204120853,0.032403929374137413,0.00011862396204119198,0.00011862396204115374,0.007192480159573785,0.00011862396204117611,0.03720718746094124,0.00011862396204116776,0.8306262871763558,0.030256557709065872,0.00011862396204117432,0.00011862396204119029,0.00011862396204119416,0.00011862396204112322,0.00011862396204113,0.00011862396204117492,0.00011862396204118976,0.00011862396204117665,0.00011862396204116154,0.00011862396204119919,0.00011862396204130145
S24_2013_11183838,7.09219858160561e-05,7.092198581607806e-05,0.6011882767993298,7.09219858160791e-05,7.092198581610242e-05,7.092198581600974e-05,0.019710175036735028,7.092198581604237e-05,7.092198581599377e-05,7.092198581608417e-05,7.092198581606926e-05,7.092198581604289e-05,7.092198581609445e-05,7.092198581603543e-05,7.092198581610673e-05,7.092198581607746e-05,7.09219858160473e-05,7.092198581606811e-05,0.024815596405882583,7.09219858160386e-05,0.3524419801268353,7.092198581606731e-05,7.092198581602306e-05,7.09219858160609e-05,7.092198581606929e-05,7.092198581603906e-05,7.092198581605063e-05,7.092198581606246e-05,7.092198581608707e-05,7.09219858160166e-05
S24_2013_11213182,9.891196834857726e-05,9.891196834857956e-05,9.89119683486047e-05,0.614325626764962,9.891196834855541e-05,9.891196834852704e-05,9.891196834859147e-05,9.891196834854023e-05,9.891196834850115e-05,9.891196834857837e-05,9.891196834862339e-05,9.891196834852466e-05,9.891196834859262e-05,9.89119683485469e-05,9.891196834863416e-05,0.38290483812127796,9.891196834856574e-05,9.89119683486718e-05,9.891196834857995e-05,9.89119683485707e-05,9.891196834859487e-05,9.891196834859669e-05,9.891196834856105e-05,9.89119683485724e-05,9.891196834857562e-05,9.891196834861037e-05,9.891196834855186e-05,9.891196834856162e-05,9.89119683486348e-05,9.891196834849349e-05
S24_2013_11842651,0.00013071895424882977,0.00013071895424892545,0.00013071895424886937,0.00013071895424891035,0.00013071895424901316,0.0001307189542488045,0.0001307189542488637,0.00013071895424893122,0.00013071895424877607,0.000130718954248902,0.00013071895424886657,0.00013071895424881882,0.00013071895424908962,0.00013071895424894453,0.00013071895424892447,0.0001307189542488712,0.00013071895424888587,0.0001307189542488619,0.00013071895424892705,0.0001307189542489063,0.00013071895424891623,0.0001307189542488896,0.00013071895424881944,0.00013071895424886433,0.00013071895424887435,0.00013071895424883099,0.000130718954248835,0.00013071895424894632,0.9962091503267823,0.00013071895424879233
S24_2013_8789495,0.0001488095238101277,0.00014880952381014428,0.00014880952381017223,0.00014880952381014372,0.00014880952381014033,0.011497193962452494,0.00014880952381015423,0.00014880952381017372,0.00014880952381002868,0.00014880952381018584,0.13376443690300083,0.0001488095238101533,0.00014880952381015816,0.0001488095238100891,0.0001488095238102708,0.00014880952381011672,0.0001488095238101558,0.34829071745126017,0.00014880952381034877,0.00014880952381019128,0.00014880952381017475,0.0001488095238101599,0.0001488095238101242,0.00014880952381015374,0.00014880952381019177,0.000148809523810118,0.26804199460067124,0.00014880952381011675,0.18757755374905086,0.0472566747621206
S24_2013_11488901,6.830601092915914e-05,6.830601092920259e-05,6.830601092918283e-05,0.9733793461325116,6.830601092920487e-05,6.83060109291492e-05,6.830601092918016e-05,6.830601092917286e-05,6.830601092913026e-05,6.830601092916273e-05,6.830601092918195e-05,0.02470808556147151,6.830601092915791e-05,6.830601092916338e-05,6.830601092918434e-05,6.830601092916864e-05,6.830601092917687e-05,6.830601092917894e-05,6.830601092924688e-05,6.830601092915844e-05,6.830601092920816e-05,6.830601092920821e-05,6.830601092916135e-05,6.830601092915125e-05,6.830601092917296e-05,6.83060109291492e-05,6.830601092917749e-05,6.830601092918447e-05,6.830601092920816e-05,6.830601092915357e-05
S24_2013_11528434,7.407407407452665e-05,7.407407407459976e-05,7.407407407457331e-05,7.407407407458014e-05,0.22927273783584978,7.407407407452651e-05,0.6351442840622326,0.00490809363083643,7.407407407448883e-05,7.407407407455802e-05,0.07434855449357304,7.407407407453514e-05,7.407407407455909e-05,7.407407407453352e-05,7.407407407460676e-05,7.407407407452323e-05,7.407407407457264e-05,7.407407407455343e-05,7.407407407456137e-05,7.407407407453554e-05,7.407407407458981e-05,7.407407407457862e-05,7.40740740745287e-05,7.407407407454927e-05,7.407407407457615e-05,7.407407407451315e-05,7.407407407461276e-05,7.407407407455181e-05,0.05447447812564441,7.407407407453448e-05
S24_2013_11778856,0.00010857763300794593,0.0001085776330079543,0.00010857763300796096,0.00010857763300804126,0.00010857763300797343,0.00010857763300789942,0.00010857763300798781,0.20298177680366997,0.00010857763300790059,0.00010857763300796785,0.2170994207503176,0.00010857763300792867,0.00010857763300802508,0.00010857763300794725,0.00010857763300802237,0.00010857763300794387,0.00010857763300796419,0.00010857763300795772,0.4021735661600052,0.00010857763300796187,0.1749222178278004,0.00010857763300798158,0.00010857763300793771,0.00010857763300795806,0.0001085776330079895,0.00010857763300797163,0.00010857763300794793,0.00010857763300798155,0.00010857763300802565,0.00010857763300794957
S24_2013_11887877,0.000129701686122487,0.00012970168612248922,0.0001297016861225641,0.00012970168612250573,0.00012970168612249424,0.0001297016861224313,0.00012970168612258426,0.0001297016861225533,0.00012970168612242686,0.00012970168612252682,0.00012970168612256097,0.00012970168612248866,0.00012970168612255417,0.00012970168612245423,0.0001297016861225146,0.00012970168612252639,0.00012970168612250457,0.0001297016861225132,0.0001297016861225265,0.00012970168612249188,0.891873897576406,0.00012970168612255945,0.00012970168612249714,0.008630999831220952,0.00012970168612249974,0.00012970168612248754,0.00012970168612252937,0.00012970168612249852,0.09599315706706543,0.0001297016861224816
S24_2013_11902465,0.00012345679012470132,0.00012345679012470092,0.17887138139621422,0.24653342160202418,0.09900697346875098,0.00012345679012467056,0.00012345679012469414,0.00012345679012473127,0.29380038518557144,0.000123456790124777,0.00012345679012469671,0.00012345679012463836,0.0001234567901247124,0.00012345679012477846,0.000123456790124726,0.11360040223266048,0.0001234567901248274,0.0001234567901247949,0.00012345679012472173,0.0001234567901247061,0.00012345679012473455,0.06522447315178495,0.00012345679012468373,0.00012345679012470563,0.00012345679012468484,0.00012345679012484417,0.0001234567901248642,0.000123456790124691,0.00012345679012479155,0.00012345679012479969
S24_2013_11882591,0.0001572327044031953,0.00015723270440325,0.00015723270440321546,0.0001572327044032732,0.00015723270440325384,0.00015723270440320548,0.00015723270440327823,0.00015723270440328423,0.00015723270440312767,0.00015723270440322175,0.00015723270440332247,0.0001572327044031825,0.00015723270440317749,0.00015723270440325202,0.038176248889935656,0.00015723270440318171,0.00015723270440323633,0.00015723270440337538,0.00015723270440331423,0.00015723270440330323,0.00015723270440327945,0.00015723270440325717,0.00015723270440319326,0.00015723270440323988,0.0001572327044032615,0.00015723270440322104,0.0001572327044032507,0.00015723270440328878,0.9574212353867734,0.00015723270440329499
S24_2013_11929305,7.936507936556574e-05,7.936507936565956e-05,7.936507936559515e-05,0.012041089805134473,0.03613065952126136,7.936507936555152e-05,7.93650793655819e-05,7.936507936559204e-05,7.936507936554935e-05,7.936507936559318e-05,0.17311826325126672,7.936507936555461e-05,7.936507936557569e-05,7.936507936559246e-05,7.936507936566257e-05,7.93650793655949e-05,7.936507936562298e-05,7.936507936560608e-05,0.32199264871460487,7.936507936583198e-05,7.936507936564278e-05,0.030473370933050116,7.936507936559122e-05,7.936507936565364e-05,7.936507936561821e-05,7.936507936559788e-05,7.936507936559858e-05,7.936507936560175e-05,0.4243392058699078,7.936507936555595e-05
S24_2013_11226423,6.337135614713612e-05,6.337135614717883e-05,6.337135614719762e-05,6.337135614715017e-05,6.337135614715963e-05,6.337135614712084e-05,6.337135614713305e-05,6.337135614715552e-05,0.9981622306717328,6.33713561471345e-05,6.337135614712442e-05,6.337135614712343e-05,6.337135614712091e-05,6.337135614714465e-05,6.337135614712473e-05,6.337135614712649e-05,6.337135614712907e-05,6.337135614714345e-05,6.33713561471444e-05,6.337135614712583e-05,6.337135614714492e-05,6.337135614714303e-05,6.337135614712804e-05,6.337135614713504e-05,6.337135614713332e-05,6.337135614712671e-05,6.337135614714643e-05,6.337135614714854e-05,6.337135614716745e-05,6.337135614712411e-05
S24_2013_11563099,9.082652134495045e-05,9.082652134496914e-05,9.082652134496136e-05,9.08265213449594e-05,9.082652134499243e-05,0.009433821693317624,9.082652134495405e-05,9.082652134500417e-05,9.082652134489777e-05,0.08575697175558054,9.082652134499199e-05,0.034567271627872015,9.08265213449596e-05,9.082652134501811e-05,9.082652134499865e-05,9.082652134500952e-05,9.082652134499902e-05,9.082652134499056e-05,0.2071665549052414,9.082652134497721e-05,0.24248757313977456,9.082652134499861e-05,9.082652134493348e-05,9.082652134500084e-05,9.082652134498314e-05,9.08265213449438e-05,9.082652134491816e-05,9.082652134498257e-05,0.4184079703659344,9.08265213449025e-05
S24_2013_11546506,0.00013227513227583135,0.00013227513227586371,0.00013227513227587358,0.0001322751322759263,0.33817209363981504,0.00013227513227580004,0.00013227513227587765,0.00013227513227595243,0.0001322751322757719,0.00013227513227591215,0.41991697053241595,0.0001322751322757879,0.00013227513227591632,0.00013227513227582344,0.00013227513227592142,0.00013227513227580351,0.0001322751322759103,0.00013227513227587136,0.08389872538945266,0.00013227513227592153,0.00013227513227587117,0.0550023196952695,0.00013227513227582485,0.00013227513227587534,0.06110641936378909,0.038728868204636724,0.0001322751322758198,0.0001322751322759017,0.00013227513227596194,0.0001322751322758173
S24_2013_11913335,7.002801120486841e-05,7.002801120491104e-05,0.8135749281873639,7.00280112049527e-05,7.0028011204893e-05,7.002801120485694e-05,7.002801120491452e-05,7.002801120488656e-05,7.002801120484178e-05,7.002801120488979e-05,7.002801120493523e-05,7.002801120493139e-05,0.18446428749889865,7.002801120489523e-05,7.002801120494953e-05,7.002801120488526e-05,7.002801120507882e-05,7.002801120492098e-05,7.002801120488533e-05,7.002801120495642e-05,7.002801120490068e-05,7.002801120488774e-05,7.002801120498039e-05,7.002801120489601e-05,7.002801120490193e-05,7.00280112048852e-05,7.002801120488602e-05,7.002801120490162e-05,7.002801120492325e-05,7.002801120487045e-05
S24_2013_11439371,0.00011695906432861939,0.00011695906432862862,0.2973284572932892,0.06221098978215455,0.11983392150130899,0.00011695906432849829,0.00011695906432858665,0.00011695906432861964,0.00011695906432848364,0.38825069414694213,0.00011695906432858803,0.00011695906432852702,0.00011695906432857055,0.00011695906432852026,0.00011695906432858439,0.013911367958930434,0.00011695906432862239,0.00011695906432857569,0.00011695906432857628,0.00941773434729796,0.00011695906432854251,0.00011695906432858913,0.00011695906432860759,0.00011695906432857705,0.00011695906432858534,0.00011695906432864638,0.00011695906432861625,0.00011695906432861419,0.10635677649051947,0.00011695906432852354
S24_2013_11510177,0.00011947431302334345,0.00011947431302337481,0.00011947431302336872,0.00011947431302348136,0.0001194743130233682,0.00011947431302346654,0.00011947431302335865,0.00011947431302340125,0.03963134952872017,0.00011947431302346848,0.00011947431302337163,0.16288335110431795,0.00011947431302343863,0.00011947431302339342,0.43425774844060333,0.00011947431302342917,0.00011947431302334728,0.00011947431302337065,0.3601212187877506,0.00011947431302343455,0.00011947431302338242,0.00011947431302338244,0.00011947431302334447,0.00011947431302334196,0.00011947431302335707,0.00011947431302338407,0.0001194743130233084,0.00011947431302341612,0.00011947431302341333,0.00011947431302332151
S24_2013_11825951,7.806401249051706e-05,7.806401249053121e-05,0.11777666881545033,7.80640124905365e-05,7.806401249054133e-05,7.806401249048814e-05,0.036569827961966304,7.806401249058313e-05,7.806401249047558e-05,7.806401249051613e-05,7.80640124905123e-05,7.806401249050035e-05,7.80640124905363e-05,0.31683141792157404,7.806401249056071e-05,7.806401249052422e-05,0.4842712649820714,7.806401249052189e-05,7.806401249055098e-05,7.806401249051884e-05,0.042599220006674786,7.80640124905336e-05,7.806401249057642e-05,7.806401249054505e-05,7.806401249052556e-05,7.806401249050618e-05,7.806401249053235e-05,7.806401249052931e-05,7.806401249054675e-05,7.80640124905154e-05
S24_2013_11202845,6.930006930034205e-05,6.930006930040717e-05,6.930006930038304e-05,6.930006930037406e-05,6.930006930038095e-05,6.930006930033388e-05,0.38566853636317283,6.930006930034776e-05,6.930006930031632e-05,6.930006930036391e-05,6.930006930041235e-05,0.008600592727507524,6.930006930040883e-05,6.930006930033446e-05,6.930006930038168e-05,6.930006930034883e-05,6.930006930035333e-05,6.930006930038674e-05,6.930006930039193e-05,6.930006930035024e-05,0.6038597690382099,6.930006930035707e-05,6.930006930032023e-05,6.930006930036223e-05,6.930006930035723e-05,6.930006930032435e-05,6.930006930037946e-05,6.930006930035364e-05,6.930006930038457e-05,6.930006930033715e-05
S24_2013_11780806,0.00011534025374949997,0.00011534025374954067,0.00011534025374958862,0.00011534025374949241,0.2674398953176565,0.0001153402537494424,0.00011534025374949393,0.00011534025374955601,0.005053247829780089,0.00011534025374951236,0.00011534025374954288,0.00011534025374947731,0.00011534025374955735,0.00011534025374956258,0.3687936950933689,0.00011534025374955017,0.00011534025374950566,0.00011534025374953083,0.00011534025374951042,0.00011534025374952487,0.035298779337624056,0.00011534025374951138,0.00011534025374950141,0.00011534025374957213,0.050996944613373826,0.03389591941791101,0.0001153402537495333,0.05662325131561863,0.17936078149217757,0.0001153402537494542
S24_2013_11787114,0.00013717421124891517,0.0001371742112489742,0.00013717421124897228,0.6062413184293084,0.00013717421124900822,0.0001371742112489463,0.00013717421124900627,0.00013717421124898838,0.00013717421124936406,0.00013717421124906368,0.00013717421124904197,0.00013717421124892677,0.00013717421124899383,0.00013717421124894065,0.0001371742112489752,0.00013717421124903687,0.000137174211248972,0.0001371742112489653,0.3899178036557199,0.00013717421124895057,0.00013717421124902885,0.00013717421124906628,0.00013717421124891213,0.00013717421124895466,0.00013717421124900727,0.00013717421124894233,0.00013717421124891953,0.00013717421124899396,0.00013717421124902004,0.00013717421124893805
S24_2013_11154896,0.2755984701306102,4.816955684035181e-05,4.816955684033397e-05,0.53055550444215,4.816955684034434e-05,4.816955684031681e-05,4.8169556840324446e-05,4.81695568403192e-05,4.816955684032197e-05,4.816955684033464e-05,4.816955684031962e-05,4.8169556840337314e-05,0.09920481203957496,4.816955684032108e-05,4.816955684034386e-05,4.816955684031671e-05,4.816955684031546e-05,0.028244737130175626,4.8169556840326005e-05,0.003597754322028785,4.8169556840329725e-05,4.816955684033439e-05,4.816955684029934e-05,4.816955684031182e-05,4.8169556840333804e-05,4.816955684032317e-05,4.81695568403323e-05,4.816955684033865e-05,0.06164265257129223,4.8169556840298486e-05
S24_2013_11415029,0.024022702105437905,0.00011037527593896353,0.00011037527593890828,0.21096375241428358,0.00011037527593893511,0.0001103752759388368,0.13690285828696377,0.00011037527593888528,0.00011037527593881867,0.00011037527593890084,0.17485662008649125,0.00011037527593902583,0.00011037527593889203,0.0001103752759388797,0.050067206308704086,0.00011037527593891894,0.00011037527593891195,0.00011037527593888921,0.00011037527593894952,0.00011037527593889052,0.00011037527593897257,0.11283318286067152,0.0001103752759388716,0.00011037527593889543,0.00011037527593893038,0.00011037527593894219,0.00011037527593894403,0.06750106305567352,0.00011037527593893366,0.2204243588111182
S24_2013_11395792,8.818342151726631e-05,8.818342151727728e-05,0.27896972523418345,8.81834215172971e-05,8.81834215172852e-05,0.5488997365316879,8.818342151728853e-05,8.818342151729045e-05,8.818342151732166e-05,8.818342151730751e-05,8.818342151727163e-05,8.818342151724207e-05,8.818342151731725e-05,8.818342151726768e-05,8.818342151727046e-05,8.818342151724565e-05,8.818342151730968e-05,8.81834215173054e-05,8.818342151727474e-05,8.818342151736338e-05,8.818342151734527e-05,0.01749304608682163,8.81834215172647e-05,8.818342151728148e-05,8.818342151727235e-05,8.81834215172472e-05,8.818342151725771e-05,8.81834215172646e-05,0.15234472318785772,8.818342151723493e-05
S24_2013_11873542,8.960573476749788e-05,0.02114542610882807,8.96057347675377e-05,8.960573476754464e-05,0.01474564882300181,8.960573476747425e-05,8.960573476750711e-05,8.960573476752412e-05,8.960573476746941e-05,8.960573476756604e-05,0.13489228552838492,8.960573476751514e-05,8.96057347675019e-05,8.96057347675304e-05,8.960573476752183e-05,8.960573476750568e-05,8.960573476750497e-05,0.7440693092896766,8.960573476757075e-05,8.960573476750009e-05,8.960573476754053e-05,8.960573476753667e-05,8.960573476752031e-05,8.96057347675184e-05,8.960573476752412e-05,0.021256684249265204,8.960573476754007e-05,8.960573476754434e-05,0.06174010836642315,8.960573476748565e-05
S24_2013_11608412,9.633911368077192e-05,9.633911368079191e-05,9.633911368079965e-05,9.633911368080399e-05,9.63391136808745e-05,9.633911368075743e-05,9.63391136808091e-05,9.633911368078496e-05,9.633911368070964e-05,9.633911368082071e-05,0.12525723950815665,9.633911368074455e-05,9.633911368087153e-05,9.633911368081915e-05,9.633911368079145e-05,9.63391136807644e-05,9.63391136807881e-05,0.5432125030879472,9.633911368079502e-05,9.633911368085766e-05,0.1084479864571886,9.633911368080064e-05,9.633911368077455e-05,9.633911368078793e-05,9.633911368081341e-05,0.05927225650419722,9.63391136807766e-05,9.633911368079233e-05,0.1614015366004906,9.6339113680805e-05
S24_2013_11662755,8.525149190173572e-05,0.1328329724452774,0.4025896389810824,0.042731406806475886,8.525149190172187e-05,8.525149190189513e-05,8.525149190173923e-05,8.525149190173384e-05,0.21477707813560046,8.525149190174811e-05,8.525149190173294e-05,8.525149190173664e-05,0.005251002460991173,8.525149190173666e-05,8.525149190171927e-05,8.525149190176911e-05,8.525149190172466e-05,8.525149190171359e-05,8.525149190173662e-05,8.525149190172916e-05,8.525149190175764e-05,8.525149190174441e-05,8.525149190170292e-05,8.525149190175053e-05,0.15437731267144741,8.52514919017607e-05,8.525149190171112e-05,8.525149190172478e-05,8.525149190172096e-05,0.04547980418538541
S24_2013_11441983,5.6306306306704386e-05,5.6306306306741994e-05,5.630630630676307e-05,5.630630630672255e-05,5.630630630673725e-05,5.6306306306704216e-05,5.630630630673899e-05,5.630630630673547e-05,5.6306306306685466e-05,5.630630630671835e-05,0.06364636841990151,5.6306306306712293e-05,5.630630630670226e-05,5.6306306306722316e-05,5.630630630672643e-05,5.6306306306719795e-05,5.630630630670328e-05,0.8873403281734127,5.630630630674012e-05,5.630630630672927e-05,5.630630630672842e-05,5.630630630673886e-05,5.6306306306736004e-05,5.6306306306787334e-05,5.6306306306774554e-05,0.047493033136404135,5.630630630670352e-05,5.6306306306771864e-05,5.6306306306758115e-05,5.6306306306693937e-05
