,0,1,2,3,4,5,6
S24_2013_11735526,0.1154975046817874,0.6779687633878881,0.0005777191914625179,0.0005764938877843561,0.20422797257855377,0.0005759588898115022,0.0005755873827121362
S24_2013_10819863,0.0005903862690772661,0.18363026833474355,0.0005906480314033322,0.0005901332341499353,0.492182573361175,0.0005905167342607238,0.3218254740351902
S24_2013_11445294,0.0004533698285118949,0.4502086317830308,0.0004534080199923508,0.024065202732423484,0.0004537131596737761,0.3927380907582859,0.13162758371808198
S24_2013_11532605,0.9253547466430528,0.01094038793414515,0.000287024900283862,0.00028672609605902646,0.00028681284318603066,0.06255717043347905,0.00028713114979419683
S24_2013_11584832,0.0002055683304878841,0.190065429119308,0.00020537682606004966,0.0002053508693439733,0.7181886372051002,0.09092429612041865,0.0002053415292812479
S24_2013_11947106,0.6337382935401936,0.16644101721692112,0.05754306446375824,0.000243116929480263,0.02780442078187226,0.11398678972537425,0.00024329734240023394
S24_2013_11191735,0.0463695201817899,0.12615399093064844,0.0005150412603386695,0.0005145455272842477,0.825418619991949,0.0005142374495977358,0.0005140446583920542
S24_2013_11831038,0.0005779452461380924,0.0005782513968748973,0.0005780828103284881,0.05981543278308487,0.4552343350418959,0.09635334262665673,0.38686261009502104
S24_2013_11256816,0.0002596223058137903,0.4757570676895428,0.00025972883037757196,0.00025990928351634935,0.02540860076357974,0.49779524433386946,0.00025982679330035916
S24_2013_11179684,0.00035184909487995654,0.7233225250761737,0.00035214725427526163,0.09204344579883464,0.0003521049372138189,0.183225679427339,0.0003522484112836733
S24_2013_11620754,0.00033650920524573753,0.00033640689812418725,0.00033645525857162157,0.00033655785371087366,0.3562933124383439,0.06654564676707254,0.5758151115789311
S24_2013_11947552,0.02838686759011182,0.0002493399913415913,0.20866287359378316,0.0002493518543597506,0.027836640792942197,0.7343655981499254,0.000249328027535997
S24_2013_11812815,0.0002181527350319924,0.0002185866139746959,0.00021805355373855052,0.00021820238084110157,0.9986907755644666,0.00021815832674924982,0.00021807082519771997
S24_2013_11594670,0.7039699962279574,0.0006242262247914306,0.000623185011498667,0.0006233529313932953,0.2929114825093496,0.0006241913150959775,0.000623565779913495
S24_2013_11742593,0.36219156598671265,0.00026432759082370183,0.014245796042755113,0.13712775009556427,0.0002645274010547891,0.48564137379681965,0.0002646590862699758
S24_2013_11161117,0.00023208737872447825,0.13023265424974584,0.00023204932286405674,0.034924766975638975,0.03708079611046429,0.5026092576630956,0.29468838829946675
S24_2013_11180865,0.694947457559611,0.1536197574167033,0.15021996615351071,0.00030311899560032506,0.0003032155092033145,0.00030330795262450885,0.0003031764127469253
S24_2013_11832809,0.0005348981423302266,0.8093815285331601,0.0005351545280829889,0.0005350472619964836,0.07037632451218429,0.0005353514284019505,0.11810169559384391
S24_2013_11860237,0.0003330858405263612,0.08993853001844176,0.00033253010389753884,0.00033283712877587885,0.13643104733028105,0.4195533108679037,0.35307865871017374
S24_2013_11802041,0.10033497021543487,0.6944429117722677,0.0005553266912639912,0.042816990288497836,0.0005563532954024471,0.16073766346185733,0.0005557842752756578
S24_2013_1290513,0.0005758339177488358,0.0005762077287237226,0.13418397878846397,0.23239208650364435,0.01162790727037757,0.3136178924218887,0.30702609336915293
S24_2013_11478992,0.0002518677077852941,0.3011098091830801,0.3459131980983901,0.00025210239341393737,0.004292899027098005,0.3479281581721055,0.00025196541812720706
S24_2013_11957122,0.0005992826403698895,0.9154848208103168,0.0005994889137092487,0.08151616940610645,0.0005997385059891601,0.0006005667295176757,0.0005999329939906277
S24_2013_11680305,0.0005755217081613637,0.14201759758543586,0.0005763322008476042,0.0005762508008860763,0.4029035692105332,0.0005764820385593926,0.4527742464555764
S24_2013_11460698,0.000618090671956651,0.9962915912281751,0.0006178102357016864,0.0006176645406731624,0.0006180380453328165,0.0006189868799746169,0.0006178183981859584
S24_2013_11619166,0.00044738815623202743,0.5458398957568693,0.00044789909692421554,0.00044808483636559,0.000447495905612415,0.00044843761536847535,0.4519207986326279
S24_2013_11828498,0.13852966693152882,0.7245941473713491,0.0003690186180571951,0.00036705577573591173,0.13540667026047393,0.00036684902786446495,0.00036659201499063824
S24_2013_11646732,0.0005273274342994467,0.0005277644183304374,0.000526784242248546,0.0005273351161551642,0.1325441656586238,0.0005279246886778861,0.8648186984416646
S24_2013_11912726,0.0290911090515419,0.00035612154683818025,0.9691301379350795,0.00035546728685963293,0.0003559511451175194,0.00035570368055736824,0.00035550935400587355
S24_2013_11666987,0.00045496429147896995,0.000455091072222871,0.05241580382321813,0.00045486858185762505,0.7607650824927294,0.059142323099550774,0.12631186663894223
S24_2013_11590697,0.8309676631587403,0.0005101375120053706,0.16648246937184685,0.0005097819978333992,0.0005099110487880474,0.0005102793490863879,0.0005097575616998322
S24_2013_11183838,0.08940885942871823,0.0003052655719249934,0.0003049753873477043,0.00030490632064904385,0.7739324499929766,0.064821703090805,0.07092184020757844
S24_2013_11213182,0.0004257175817640152,0.020626567336733112,0.00042410309173665744,0.02874505273408425,0.00042405911750225637,0.0004240043782875235,0.9489304957598922
S24_2013_11842651,0.0005388174608459158,0.9967644536240162,0.0005388909888064999,0.0005388906972393225,0.0005390612039889568,0.0005406979936894253,0.0005391880314137288
S24_2013_8789495,0.49297480300013585,0.18404246615924166,0.08768766617640271,0.0006395684212999066,0.13654380391044596,0.09747174454262213,0.0006399477898515741
S24_2013_11488901,0.0002935224244696019,0.0002938133256566888,0.20930408379456922,0.7241757785568318,0.00029371113666954286,0.00029391343546409694,0.06534517732633893
S24_2013_11528434,0.0003184250932000961,0.04739475426863887,0.09980725365079392,0.00031882467917241936,0.7543023774292881,0.00031888293362213694,0.0975394819452844
S24_2013_11778856,0.00046671405962934716,0.2756121863047682,0.3230083487050418,0.000467398435887316,0.186683516822216,0.04981730773581991,0.16394452793663739
S24_2013_11887877,0.0005575227626540532,0.06757569214166277,0.0005571590999772058,0.03231647608683489,0.8978768192843751,0.0005579254008763957,0.0005584052236194427
S24_2013_11902465,0.14373985150468474,0.37603941570464955,0.0005304086714898616,0.47809691405572674,0.0005317762613233697,0.0005306477026683364,0.0005309860994572633
S24_2013_11882591,0.0006576573231598965,0.9960533269983718,0.0006570610569169656,0.0006574505108160986,0.0006578769656405934,0.0006583991494767113,0.0006582279956179547
S24_2013_11929305,0.00034120129237152544,0.24924093451242535,0.28489929902216865,0.08804246539950301,0.22934951317055932,0.14778473601667094,0.00034185058630119785
S24_2013_11226423,0.08056871371766117,0.8669368979892643,0.0514139454083762,0.00027037684887346486,0.0002704106645315928,0.00026990433865470585,0.0002697510326383484
S24_2013_11563099,0.05140734714709725,0.6029191237492765,0.00039029173391544076,0.00038983139644313677,0.34411370944529784,0.00039000999483156047,0.0003896865331383114
S24_2013_11546506,0.0005689451500146632,0.1264736058580154,0.0005681797098965191,0.0005697691332238666,0.1954839976222044,0.41750768177242614,0.25882782075421906
S24_2013_11913335,0.6965219213398627,0.0003015510209299487,0.0003009436895657777,0.0003014785924987754,0.25441276776160215,0.04786009046870201,0.0003012471268386187
S24_2013_11439371,0.0005033551840466854,0.0005036022775831506,0.05552417913885942,0.24012968093550582,0.18375037103805494,0.5190856121768759,0.0005031992490740477
S24_2013_11510177,0.0005143997973999618,0.825197112194278,0.000515057794745579,0.06691599380062786,0.0005138742349972959,0.10582903642966077,0.0005145257482904454
S24_2013_11825951,0.021685079032456166,0.00033513834311082964,0.00033492909808091994,0.0003347438118868579,0.6987354097262058,0.012896561860647675,0.26567813812761176
S24_2013_11202845,0.00029802246626084916,0.00029796630784784367,0.03722085877315697,0.0002978774167588228,0.6552613939950485,0.00029825699361854454,0.3063256240473085
S24_2013_11780806,0.0004952805817408981,0.2621739023070076,0.0004943615754033544,0.0004941818924561569,0.0004944198932568696,0.7353530201727757,0.0004948335773595544
S24_2013_11787114,0.0005896761186293015,0.0005903678112574352,0.0005898453311319387,0.9964586520056049,0.0005902399809589573,0.0005903771351727366,0.00059084161724465
S24_2013_11154896,0.05040560015745774,0.04839012273249707,0.00020703945023129106,0.00020693780364694608,0.00020691663142493954,0.00020711364152822636,0.9003762695832138
S24_2013_11415029,0.00047476945741923177,0.04683451497486167,0.00047500335363885967,0.6170577316936786,0.17857297583960027,0.0004754822044350311,0.1561095224763664
S24_2013_11395792,0.9401083355335652,0.024770681019928617,0.00037934347815099897,0.0003795596450154246,0.03360318297027284,0.00037930549958816866,0.00037959185347881
S24_2013_11873542,0.9603597817489751,0.000385051414882062,0.0003839925616256997,0.0003841720795206041,0.00038418574663756893,0.03771879755662671,0.0003840188917321506
S24_2013_11608412,0.7313245825754557,0.0540454169321928,0.00041419631316455763,0.00041447940623105784,0.21297201940191904,0.0004145211031667368,0.0004147842678702821
S24_2013_11662755,0.4653918829116293,0.027322551925810304,0.00036747918672742246,0.44107369344608854,0.027292638723229033,0.00036721046732307,0.038184543339192266
S24_2013_11441983,0.9700066836341115,0.013723241319925698,0.015302088469024196,0.00024199156354158332,0.00024197983681730127,0.0002420411496444322,0.00024197402693525069
S24_2013_11866265,0.0003575866725677149,0.7352935194582527,0.0003577890034925284,0.00035771124583774624,0.26291830102509445,0.00035749900007716603,0.00035759359467787434
S24_2013_11571767,0.5513269654201503,0.3378532674717575,0.10951597873477685,0.00032591271243388807,0.00032580849075059735,0.00032620744433631255,0.0003258597257946264
S24_2013_4069509,0.0004949185835395824,0.000494626486392526,0.04270478379006796,0.14986561126266298,0.0004941409339585139,0.0004949048048610475,0.8054510141385175
S24_2013_11360755,0.04909715391922273,0.0004115095780854435,0.11835815431282726,0.0004120037272753643,0.8308976026834067,0.0004116724322919672,0.00041190334689046414
S24_2013_11286801,0.0004907936559446332,0.8467588282154843,0.01153876287104964,0.07018289763826191,0.056360593910032064,0.000491144913487764,0.01417697879573973
S24_2013_11290007,0.00976507055943081,0.0002436050760958159,0.00024343186794403178,0.050259651419969784,0.6651159231919818,0.16370532107807276,0.11066699680650513
S24_2013_11656335,0.3098483511586363,0.00023017060876488705,0.00022991357986340623,0.6890014592519649,0.0002299071258433858,0.0002300837803475286,0.0002301144945797507
S24_2013_11402957,0.6374987443374809,0.0002216374192058325,0.00022144242330563197,0.00022161499808202303,0.3169863612803019,0.00022160920767769424,0.04462859033394586
S24_2013_11326255,0.053680190251680554,0.0004847854550205355,0.0004844066714206371,0.7764926609910351,0.09986801599176927,0.0004842962399233235,0.06850564439915048
S24_2013_11015127,0.0006281944264832938,0.6967090198722793,0.023973291449871228,0.0006293478292428138,0.01245906999533625,0.20191247308978338,0.06368860333700381
S24_2013_11575808,0.007807478691283014,0.7934730876741741,0.020517105247229696,0.0003927588640787396,0.00039282336947252906,0.05564666755305898,0.12177007860070314
S24_2013_11737324,0.0004275341661448732,0.14666085467988335,0.0004275972537426399,0.0004280864422555914,0.00042780819264052724,0.1961426766084343,0.6554854426568987
S24_2013_11297631,0.00033277359709065813,0.6418341734697381,0.0003324840957486669,0.0003329822678943725,0.08425928832423686,0.2725756719034058,0.0003326263418853527
S24_2013_11884807,0.00021807202446604026,0.08778900050424138,0.13595992481513602,0.48380192270252365,0.2843343258017664,0.00021789001476368324,0.00767886413710292
S24_2013_11295877,0.0004387378442354182,0.4217165482459311,0.00043854525819108015,0.5415587031146789,0.0349704508949643,0.00043849434909386297,0.0004385202929054086
S24_2013_11783821,0.05806154655501778,0.023524790709252057,0.00021210335129756813,0.00021161405939102527,0.6995689316935103,0.00021165608539099032,0.21820935754614038
S24_2013_8277275,0.26908887525739966,0.0006440098691652954,0.0006429737055473699,0.0006424219837984981,0.041151189100784795,0.6871877383481949,0.0006427917351095461
S24_2013_11595043,0.0003733656287660605,0.3740075674229166,0.00037293434975836653,0.09511977593804548,0.00037358587060708426,0.0003733878314632999,0.529379382958443
S24_2013_11951692,0.6340486271528656,0.048043424653270154,0.0003754258370457954,0.0003751068485169456,0.3164066532992152,0.00037533512424684314,0.00037542708483949286
S24_2013_10547763,0.0675495389673884,0.00025668869656196596,0.1093978486222783,0.051552357578787775,0.4468544509002485,0.324131943499029,0.000257171735705971
S24_2013_11385582,0.4273271181645892,0.4890791863761036,0.030051862733753227,0.015640915933793433,0.03739269257515482,0.00025416604469896963,0.0002540581719069434
S24_2013_11563383,0.633857161233514,0.0003624571730266666,0.00036203344018525825,0.1260034794811191,0.2386909484976787,0.00036186128346743117,0.00036205889100886295
S24_2013_11406564,0.00026757337291656537,0.998393264920968,0.00026799537298221964,0.00026798814947541185,0.0002676173921676759,0.0002679571440422833,0.0002676036474478264
S24_2013_11589052,0.0005173624176507866,0.0005175667073858008,0.9115675360193,0.0005173381303442009,0.0005173277136754672,0.08584568706931432,0.000517181942329595
S24_2013_11395528,0.023136424441669037,0.0003299734570350376,0.00032960910527409247,0.012405114072023904,0.6465369765744107,0.19834947070308176,0.11891243164650536
S24_2013_11601126,0.000503512261907212,0.2079432713889631,0.0005033129111436035,0.0005040254649582183,0.3386630681107109,0.4513791886371335,0.0005036212251836018
S24_2013_11645688,0.00035887741657257533,0.0003592784381708338,0.00035903126842804655,0.5981127294294993,0.00035909726432832264,0.00035918593336421674,0.40009180024963664
S24_2013_11867877,0.00042391234368665306,0.997454621911675,0.0004243892105478559,0.00042436862721867793,0.00042425556812573126,0.00042434296354198846,0.00042410937520420434
S24_2013_11212760,0.00043182918811667073,0.151794729201588,0.0004324037303793006,0.16405690916399637,0.00043212754477963506,0.000431934715670565,0.6824200664554695
S24_2013_11933058,0.0004144598777518825,0.15887612178739327,0.00041440853816677005,0.4488651759595712,0.39060058009300486,0.00041469376563176133,0.0004145599784801039
S24_2013_5301555,0.4887255880908456,0.10143596224571477,0.062092977648519385,0.00020813542434019972,0.16683388102480848,0.07738937817662604,0.10331407738914564
S24_2013_11280371,0.01053714601250693,0.00028978666518178974,0.04862709554841398,0.12212476297758043,0.3925155490581587,0.18470968425523354,0.24119597548292457
S24_2013_11403993,0.00034615375457327407,0.0003463248351654876,0.1925630909093843,0.0003462155519782219,0.0003471954585022179,0.8057045927045691,0.0003464267858274379
S24_2013_3660437,0.0002848400087866344,0.09339171551657512,0.00028487299066981423,0.00028495141811800634,0.000284820992897016,0.9051837649804518,0.00028503409250161616
S24_2013_11591880,0.17058315336520588,0.0003939938673767844,0.0003940511965045945,0.00039444460415321474,0.6174216252629597,0.21041842749039533,0.00039430421340453623
S24_2013_11238598,0.000567024157491975,0.9442074291064888,0.000566779520959988,0.0005670752807410048,0.05295845680710465,0.0005665074844277753,0.000566727642785948
S24_2013_10346803,0.14212536310795557,0.29025733288318123,0.3915413482740277,0.0002491405540683112,0.0002494714037697087,0.17532814321931747,0.00024920055767985345
S24_2013_11765316,0.00034886328488266844,0.0003491108993198171,0.18875406050478385,0.00034881595455381635,0.353273852689452,0.0003489427585649698,0.45657635390844287
S24_2013_11877871,0.5485294962282558,0.1525181041930456,0.00036098391375012683,0.0003609837286269568,0.20516232874587628,0.09270691321883143,0.0003611899716139273
S24_2013_11458191,0.00031442807741726255,0.0003142600603234664,0.0003140115899439183,0.00031417728029197204,0.0003140161645009639,0.00031392352555344757,0.998115183301969
S24_2013_11790176,0.00025421395732528853,0.0002542954562402832,0.01909104981086347,0.14265266545792882,0.11230043323309716,0.07975266845050669,0.6456946736340382
S24_2013_9950465,0.0004251736867847249,0.00042598688400919646,0.0004257550396230154,0.0004253396854208709,0.0004250250812143479,0.9974473668272044,0.00042535279574351794
S24_2013_11668823,0.4770330419119042,0.051022328056263146,0.00036479787797866285,0.00036503029082289915,0.47048482804399716,0.00036503026798227463,0.00036494355105167115
S24_2013_11175921,0.00034287617553067413,0.5583717400123,0.0003428798639045374,0.00034346834609204737,0.2562973839798534,0.18395861861337343,0.00034303300894587146
S24_2013_11505971,0.0005130091881337004,0.0005119610024009967,0.9036679936432537,0.0005121098398755434,0.0005122149502074742,0.0005124111983513338,0.09377030017777725
S24_2013_11775615,0.0002449486945344214,0.10636209189908856,0.8200022626176332,0.0002452529315558165,0.016447792984651866,0.05645231374557766,0.00024533712695845724
S24_2013_11188402,0.00046254493591774934,0.0004632551936211927,0.10411450620705963,0.0004629869152716909,0.33089818701615215,0.25006154686391446,0.3135369728680631
S24_2013_6913970,0.9502007811975932,0.04872736130463637,0.000214162205260475,0.00021462254656668726,0.00021429654422452726,0.00021446794124053853,0.00021430826047825834
S24_2013_11491756,0.10743553508252676,0.07202060013602421,0.00021902462951305733,0.17490728169490904,0.1064742642095993,0.39546591243356394,0.14347738181386385
S24_2013_11721294,0.837294884783444,0.04733079612219527,0.0004106319817575106,0.0004109423784234258,0.11373059192655349,0.0004108728571546547,0.00041127995047129517
S24_2013_11205829,0.03021564956970737,0.00021295188566009386,0.0750886049926552,0.00021253023646885207,0.8938448665444827,0.0002126602803601244,0.00021273649066573243
S24_2013_11897211,0.4765725606955189,0.00041129582049853603,0.00041156433225707836,0.00041048638182482897,0.0986182842724885,0.4231648311914438,0.00041097730596831484
S24_2013_11444480,0.0003710697824842993,0.9977726778575459,0.00037118743963836286,0.0003712838431883831,0.0003711395687547587,0.0003714435733513687,0.0003711979350370465
S24_2013_11271689,0.0005389176194591704,0.07868905473380726,0.1868656006881638,0.000539185513446519,0.000539183000797642,0.7322891795444856,0.0005388788998401026
S24_2013_11463516,0.44177491519411766,0.12594206010143294,0.4297235084052591,0.0006396827896289241,0.0006398658446653912,0.0006405055288148621,0.0006394621360810348
S24_2013_11773321,0.000513252709841977,0.06305212648384279,0.0005134315747026148,0.0005143185048205646,0.9343782055524122,0.0005144505772366594,0.0005142145971431012
S24_2013_11889082,0.09549559411981243,0.23360985132369186,0.0004228943737492704,0.05034381507224609,0.49388599453156534,0.00042343219552678856,0.1258184183834082
S24_2013_10810752,0.02242000624560736,0.04733035252125058,0.00037789641827314335,0.8640861901908155,0.06502886711799541,0.0003781798837829921,0.0003785076222750629
S24_2013_11857112,0.00038595347988204846,0.0003866264437626236,0.00038593654546291943,0.000386107214151713,0.00038604312318127424,0.9976832121330796,0.00038612106047977935
S24_2013_11666865,0.00046660288333756736,0.5352836278562366,0.00046679710947462703,0.10693601678046923,0.2881469784400249,0.06823282622059187,0.0004671507098653251
S24_2013_11307501,0.088840228404734,0.00047136531136486034,0.00047190023477224904,0.0004717327069474823,0.575146647695622,0.171039530684698,0.1635585949618615
S24_2013_11560192,0.5637134248550346,0.4332366015536316,0.0006100248063920598,0.0006099224616120098,0.0006099634884656687,0.0006100692546675427,0.0006099935801964988
S24_2013_11820814,0.20785896858004616,0.21520121709203155,0.0004894306993421053,0.5749811493646819,0.0004898847207060354,0.0004897799930485911,0.000489569550143359
S24_2013_11207335,0.012550080103007384,0.38207442376717526,0.5258512511741841,0.00029267776453300177,0.04675345335969543,0.0321857923230668,0.00029232150833812014
S24_2013_11637457,0.0004631747091086502,0.00046390806545553695,0.0004640882472008471,0.631214897002943,0.0004634270598283314,0.00046428604942696345,0.3664662188660367
S24_2013_11455517,0.0006094714798262451,0.8090614546251881,0.0006098301862661386,0.0006109132580802809,0.0006101426430725883,0.18788805829470678,0.0006101295128598861
S24_2013_11605815,0.0003666557570502704,0.9977996767967674,0.00036661421076427086,0.00036721313901893983,0.0003665428092166742,0.0003667316156775075,0.0003665656715048673
S24_2013_11250767,0.00046921370423051424,0.378321629035008,0.00021785198467321316,0.00021778429993315912,0.6203373785783092,0.00021808473513815194,0.000218057662707773
S24_2013_11289296,0.000302908462227437,0.0003034109704088277,0.00030295472319801983,0.00030320664940147203,0.36121733882190377,0.22957663787600205,0.40799354249685843
S24_2013_11528182,0.685385212689268,0.060467879487579965,0.00021502107160790984,0.00021503629611294316,0.14374646019917436,0.10975514541646166,0.0002152448397951525
S24_2013_10974992,0.024071344916471643,0.2545813294949723,0.45491955884026164,0.000261329810181443,0.038710279307408675,0.2053793591204432,0.022076798510261068
S24_2013_11277316,0.009915202858664145,0.1088390941913731,0.0005288557877976659,0.1107511845067328,0.0005284708737102331,0.0005288753621218783,0.7689083164196001
S24_2013_11527325,0.23521633372363293,0.37401931056797477,0.06166533902471823,0.000633809218969259,0.3271954650356155,0.0006348557611733995,0.000634886667915882
S24_2013_5158936,0.0046968092846362275,0.9224086324570694,0.00023419575155269833,0.00023373700114342666,0.058331139973105905,0.013861643944390729,0.00023384158810143258
S24_2013_11478604,0.03868812347161789,0.5092829470941328,0.012800782416139599,0.0003290060948560013,0.438240861808422,0.00032904218862420944,0.00032923692620745725
S24_2013_11276418,0.0005854224291576529,0.6481004485632353,0.0005846444057341884,0.0005851219012351972,0.00058525256700162,0.34897333390788077,0.0005857762257552939
S24_2013_906417,0.0002744975084256782,0.1397966661143745,0.0002745566711611478,0.00027461704087421856,0.0002744710720627377,0.8588307510514296,0.0002744405416721869
S24_2013_11656770,0.03116551771763858,0.00043307926125148833,0.0004335456142524752,0.0004326553524192246,0.5231566728628678,0.3015306475160086,0.1428478816755617
S24_2013_11234596,0.00046814425935084547,0.2128083049729945,0.005944463844874433,0.7793732446716308,0.0004683933426439163,0.00046911406164246297,0.00046833484686305363
S24_2013_11675703,0.0005511668980993595,0.0005512966906948529,0.15735544383476546,0.0005521152012524719,0.8398862936274651,0.0005519898388820668,0.0005516939088406823
S24_2013_11881112,0.01727456671654668,0.5272818472265745,0.0005804266976931758,0.0005800218538412384,0.18319684655417678,0.017942228767516333,0.2531440621836512
S24_2013_11172261,0.017980891923654905,0.8301939144123529,0.0004845666220747365,0.0004851601174065168,0.0718551117522502,0.078515980102657,0.0004843750696037499
S24_2013_11878591,0.18074370882097826,0.00036413228695802237,0.00036385299496645115,0.7180511576806436,0.00036351737244362856,0.00036380548992651616,0.09974982535408333
S24_2013_11604047,0.902772579259749,0.00041027858848163536,0.045096227651349685,0.050490958427012934,0.00040986321074890444,0.0004098976919551462,0.00041019517070260583
S24_2013_11229768,0.00040853637597222295,0.8331894797928167,0.0004083012941028456,0.00040862893754335785,0.00040855384339108785,0.16476742255940374,0.00040907719676989095
S24_2013_11500618,0.0005031613720874645,0.6827228707568621,0.0005028160771108343,0.0005032372231183847,0.028632580933036503,0.2866316640140317,0.0005036696237530024
S24_2013_3988406,0.0005726900410577031,0.9898880952703405,0.0005730063504947039,0.0005731818400067554,0.007245727916436729,0.0005743160368626561,0.000572982544800973
S24_2013_11747348,0.9970562575810177,0.0004909897067010271,0.0004904648528816826,0.000490531344855,0.0004906073711896952,0.000490737177045553,0.000490411966309185
S24_2013_11401195,0.15029324437967986,0.00029104839220280633,0.00029169193194058315,0.059272363828192134,0.40777391578306066,0.1409395426290758,0.24113819305584808
S24_2013_11433149,0.0005920294557422808,0.0005932026240290758,0.00059231861150766,0.272513749778527,0.0005925175618702915,0.11676262367413365,0.60835355829419
S24_2013_10760262,0.00024530389044345063,0.000245579007333459,0.0002453556348831379,0.7399825263306369,0.00024573957867933104,0.00024577854449386703,0.25878971701353004
S24_2013_11660227,0.9981160648506798,0.0003140653606982188,0.000313916629147764,0.0003138772126188303,0.00031427662793136494,0.0003138841696560436,0.0003139151492679437
S24_2013_11523652,0.12601167674216657,0.1113633372968623,0.09294287441492291,0.0002516000591259328,0.00025181004473238895,0.668927109086504,0.00025159235568593754
S24_2013_11252323,0.1302892116245216,0.16633732203987828,0.16446268598775143,0.00032486170093652374,0.38310472673012774,0.1551558011210794,0.0003253907957051029
S24_2013_11305676,0.28660120928382177,0.0004963466994648198,0.0004965352836146099,0.13101466037290657,0.4202954016495816,0.0004960910454427758,0.16059975566516782
S24_2013_11702096,0.0002919216523387584,0.06931938946603662,0.00029205701193419633,0.00029280914413308307,0.9237534461100493,0.005758052956812489,0.0002923236586955527
S24_2013_11803652,0.0005448444562659734,0.6241081053472765,0.0005456974074224162,0.0005450180505113274,0.22771840178353073,0.07511975760447263,0.07141817535052052
S24_2013_11196353,0.08445327735563815,0.49391819078243543,0.0002699638382112169,0.07627449223151361,0.34454352866392984,0.00027027577601484933,0.00027027135225699103
S24_2013_11391310,0.0003326905625277605,0.5200730796702338,0.07233597080946327,0.021539471513393072,0.38505290022182936,0.0003327279063165801,0.0003331593162362054
S24_2013_11650292,0.17041568445810815,0.2582221813913578,0.0002715838108166015,0.14556819878491045,0.007624058367856329,0.3144594694807549,0.10343882370619574
S24_2013_11410656,0.0004869814455842887,0.0004868850436821031,0.0004856036666122577,0.0004861137661219149,0.000485861391602434,0.9970825168526637,0.00048603783373327955
S24_2013_11441561,0.8085289516166708,0.1169636866939853,0.0003624606022071534,0.07305889143084618,0.0003619370459512633,0.0003620661942556884,0.00036200641608361884
S24_2013_11686543,0.0002709861859904622,0.8084403119106354,0.00999102975350102,0.021093897795602,0.011182480972843507,0.06894601840540235,0.08007527497602515
S24_2013_1478466,0.0004899539561063157,0.0004902092886841703,0.00048977448924244,0.0004896519095159522,0.0004895150407445871,0.9970611488106427,0.0004897465050639218
S24_2013_11527530,0.6109321444507163,0.00028362584021689223,0.0779802814011085,0.21017386156939533,0.10006316757184675,0.00028352386393075304,0.0002833953027854733
S24_2013_11450691,0.0005244627281484605,0.028602881579751462,0.23702404879242372,0.000524880888685503,0.0005260267616013148,0.7173556341929498,0.015442065056439601
S24_2013_11480080,0.8421781898594322,0.0004006566437095163,0.0004004524389716698,0.00040046562640704193,0.00040092440447121416,0.1558189991919212,0.0004003118350870666
S24_2013_11691294,0.02033293537144279,0.9580541847837882,0.0005754013278677686,0.00057551917868723,0.0005752519446062469,0.0005762892388528543,0.019310418154754996
S24_2013_11143013,0.0006282362554779111,0.9082996170817412,0.0006289277644356084,0.07255727062716276,0.0006286843891797443,0.0006290671617587061,0.01662819672024403
S24_2013_11621417,0.00036074587407127504,0.4731978059552758,0.00035924164224346246,0.0003592128901505281,0.18019183815829948,0.34517180602945075,0.00035934945050865183
S24_2013_8224607,0.1107424491603143,0.762609611725566,0.0002784058220329725,0.00027828894004385674,0.1255340299484717,0.00027876706619919686,0.00027844733737210435
S24_2013_11710396,0.00043463938491508663,0.0004342950426585849,0.00043450312952247124,0.1987308780320003,0.7907303877000077,0.0004343385461860859,0.008800958164709868
S24_2013_11832402,0.16764408901137517,0.00033287069003935034,0.1342197611544166,0.00033265974490300637,0.46215079218547395,0.00033268347088166034,0.23498714374291016
S24_2013_11602520,0.0002535007060470208,0.0002533903332827149,0.00025361760191970145,0.3530380993794992,0.3691121996503848,0.06221350164272052,0.21487569068614604
S24_2013_11674455,0.04231750610677551,0.0005692651698233187,0.0005687864415886178,0.0005691250506900345,0.8956114871556144,0.0005689994020730816,0.05979483067343493
S24_2013_11780299,0.000499901061258954,0.9121006196125057,0.0005004728345884405,0.015345572343985514,0.041801737884851455,0.029251811048291387,0.000499885214518502
S24_2013_11181946,0.000638485126862634,0.669731167718583,0.0006367646175113029,0.0006371360626875989,0.0006369680931955848,0.32708293465467914,0.0006365437264807326
S24_2013_11548074,0.00028134158236658877,0.1836236108280026,0.00028179734969768127,0.41572832028479234,0.0462144575001217,0.32557856483628134,0.02829190761873771
S24_2013_11282800,0.000639580236210299,0.9217738906164908,0.0006404412778712919,0.0006404169278083362,0.03123173831464396,0.0006411354532726673,0.044432797173702555
S24_2013_11734053,0.10093803177165496,0.5275307011027534,0.0003182602976957436,0.00031805076223763397,0.3273829665788528,0.022528422280640854,0.020983567206164806
S24_2013_11344797,0.00026210444535451383,0.9596535965799358,0.0002623012086883718,0.03903525693742566,0.0002622307661126737,0.00026204193334579987,0.0002624681291369205
S24_2013_11844467,0.0004053709364821576,0.5487501754242826,0.00040500619835255787,0.10670446481633332,0.1783088021729877,0.16502117044425296,0.0004050100073086874
S24_2013_11601277,0.00037528441983759035,0.997748010881652,0.0003751513615763506,0.00037520241287927167,0.0003758025775471508,0.0003752741861799736,0.0003752741603277701
S24_2013_11505780,0.0005046810301442059,0.8206530025069768,0.0005047638602586747,0.0005049574269581426,0.0005050584767565788,0.17682258751343077,0.0005049491854750416
S24_2013_11772132,0.054734325815172104,0.0004828749645283447,0.00048280902114884435,0.26038206861675084,0.5472950653989489,0.00048335202987759935,0.13613950415357334
S24_2013_11586861,0.9988350201140953,0.0001941406607263981,0.0001939519680460897,0.0001941854642698131,0.00019428845864634056,0.00019411119408839579,0.00019430214012761558
S24_2013_11489204,0.05854492155408049,0.09920771868722324,0.0004941996812942484,0.00049473420059247,0.022440867499556538,0.7035023461267017,0.1153152122505513
S24_2013_11923573,0.0004121199761438076,0.0004125782462741531,0.0004121465408216217,0.00041166316604863984,0.6617120114754755,0.02197837499406955,0.3146611056011666
S24_2013_11564213,0.00038101361630264307,0.0003814953081208684,0.0003811540945839034,0.0003815593123661452,0.00038124333138819425,0.00038128210180063757,0.9977122522354376
S24_2013_11895663,0.00029231451372138044,0.7150364742439312,0.00029238968529611943,0.00029179043922966636,0.08982796463400634,0.19396696992672555,0.0002920965570897104
S24_2013_11535097,0.00017827609238820123,0.017469091182327333,0.00017799117077892907,0.00017787517306508996,0.00017828637267694653,0.00017786034640766886,0.9816406196623558
S24_2013_11671083,0.0003818249848020837,0.2242037021759673,0.00038124742985346817,0.07963788395603326,0.25359901366043525,0.0003815129713420232,0.4414148148215666
S24_2013_11322278,0.0005012406541623426,0.41672587759422325,0.0005019176979406401,0.1742903134976238,0.16380025625801514,0.24367886330487584,0.0005015309931589576
S24_2013_11718485,0.00024070083293132327,0.3379664179593625,0.00024050116311433896,0.059959830046540215,0.0002409127936009931,0.6011109716116464,0.00024066559280429373
S24_2013_11721505,0.0004259651831879047,0.3486994708515918,0.0004258924539513477,0.0004254609444288926,0.00042549790659400787,0.48172578811928507,0.16787192454096095
S24_2013_11507459,0.0003534049364104536,0.9850137300846987,0.00035302943188678413,0.0003529744767506269,0.01322048774835043,0.00035326848370092936,0.00035310483820202523
S24_2013_11356403,0.00040730221729776584,0.6705552790970923,0.0004068972394163038,0.0004071336248436942,0.04499793611223228,0.2828183019480432,0.00040714976107451487
S24_2013_11152953,0.0004258659327530253,0.00042545144826458396,0.0004253725331710142,0.0004253215141932013,0.9512470571129881,0.000425232829408391,0.04662569862922194
S24_2013_11778965,0.00030592174715289805,0.08372517195660871,0.566363822136202,0.11955280720086525,0.00030594148956887785,0.00399813880101039,0.2257481966685918
S24_2013_11755073,0.0002929643221993116,0.007382854110539769,0.00029300666645630253,0.0002933373535509797,0.18223530435081253,0.8092093905078154,0.00029314268862562737
S24_2013_11329858,0.0005969093821487884,0.43415430462348525,0.000597521262373041,0.13848465137391167,0.24223056446538102,0.18333866502225013,0.0005973838704500116
S24_2013_11430373,0.9983550144990038,0.00027429508669526867,0.00027406643199719924,0.0002741016954590648,0.00027394307587428544,0.000274584310096278,0.0002739949008741469
S24_2013_11386586,0.06146411503223702,0.5010721414641439,0.0005648686955727842,0.0005648164463071726,0.13560508945876462,0.2627090076453415,0.038019961257633066
S24_2013_11450669,0.35812676282149003,0.5001365276781269,0.00047761833095661787,0.0004777563226562424,0.03884249635660921,0.1014604616083637,0.00047837688179749025
S24_2013_11472987,0.0003992298242006044,0.00039992006773458027,0.00039905866172272716,0.00039935561995192617,0.19428184841447269,0.29284264703355783,0.5112779403783596
S24_2013_11547871,0.0004263441071963213,0.9974413401268704,0.00042626137982613614,0.00042645379499975215,0.000426374313319028,0.00042687707274918606,0.00042634920503925507
S24_2013_11913822,0.0004955759381261968,0.8551240920539414,0.0004963865619675264,0.0004958509536640831,0.11771410966842355,0.0251783334957789,0.0004956513280982549
S24_2013_11131485,0.07413370200029812,0.05230362463403058,0.0003928174309604951,0.0003930535068511929,0.408229822426645,0.09852475477827763,0.36602222522293704
S24_2013_11893284,0.0005992812150129107,0.37014422156938753,0.6093607872797401,0.0005997056417566332,0.018095265428604616,0.0006004063670807143,0.0006003324984175291
S24_2013_11674477,0.0005112878639728833,0.04578181219412833,0.27966193787951005,0.0005125739298574745,0.0005116596248761801,0.0005126751254749634,0.6725080533821801
S24_2013_11412585,0.00032117310353773785,0.0003218242386945476,0.1635502828786804,0.08848901081156862,0.00032137026842517073,0.3201694189971945,0.4268269197018991
S24_2013_6463341,0.00029968768081127983,0.0003001399069669664,0.00029985806726756317,0.0003000201630216811,0.0002996735081508607,0.9982008397798073,0.00029978089397435747
S24_2013_10776948,0.00024502845677340393,0.793742846402334,0.0002451466771648233,0.05862173987995108,0.04999426001312413,0.09690560220450435,0.00024537636614850854
S24_2013_11302629,0.0005291149769665924,0.2958917135070592,0.000528882169760013,0.06091209267086553,0.0005296282182984276,0.3381524296695899,0.3034561387874603
S24_2013_11591819,0.00048530937307941416,0.15080003495429453,0.00048575813380733656,0.00048641856885939933,0.6332445405686671,0.21401174103956613,0.0004861973617260906
S24_2013_11790479,0.00022615959786128245,0.1975257233477657,0.007901256759228491,0.1588251544378409,0.00022624671737842263,0.03628976846356728,0.599005690676358
S24_2013_11039772,0.00031423548326753927,0.17460277717332798,0.00031361345031502157,0.0003141376579614075,0.0003140778885757891,0.5493119746886582,0.27482918365789394
S24_2013_11698685,0.00045901955324155887,0.8324688590964971,0.04041396284761844,0.04358441399518837,0.00045978829792039987,0.05547851140635522,0.02713544480317895
S24_2013_11240053,0.7552620177171456,0.0774982564919354,0.0177363156466919,0.00042669685102528156,0.00042657943339149864,0.00042726075976217586,0.14822287310004795
S24_2013_11796340,0.4958783672696987,0.0005248990113045263,0.2020090616568621,0.0005244315978691062,0.0005246788298473919,0.30001385072301884,0.000524710911399292
S24_2013_11254121,0.05852918308010521,0.6526140876894878,0.00044606124577179233,0.00044554580773935537,0.00044567360756781946,0.0004452666635470485,0.2870741819057809
S24_2013_11386002,0.0003427696017776696,0.0003425077519070113,0.268250371385898,0.0003425343339805112,0.5110177373787353,0.05766426784895947,0.162039811698742
S24_2013_11891383,0.000313846869875527,0.0003139505712921044,0.0003137666995857564,0.18175701320433887,0.7801477026663924,0.03683982386453227,0.00031389612398304804
S24_2013_11458590,0.0005098631576022538,0.0005104370107687291,0.0005104715469449038,0.789658591755067,0.000510405899684631,0.000510371185389754,0.20778985944454262
S24_2013_11768645,0.00034317950934284437,0.00034331488774566637,0.24139095394506807,0.00034320364835175785,0.7568931022103011,0.0003431826063210011,0.0003430631928694482
S24_2013_11860075,0.0003944617014239301,0.997630917388795,0.0003952110049282432,0.0003949271530684273,0.00039442482940830434,0.00039507890337317004,0.0003949790190030516
S24_2013_11291756,0.0004772885133222855,0.8261690446026407,0.00047614639952233594,0.17144666614064932,0.00047679004261573434,0.0004770265906393111,0.00047703771061044736
S24_2013_11877434,0.0003402556486215578,0.03748560612288994,0.07052898260949945,0.0446480282825485,0.0003404871716347477,0.846315864813466,0.00034077535133978764
S24_2013_10973807,0.000388796666452915,0.00038876007446909006,0.00038838075740453695,0.00038866636092078384,0.4902798720021882,0.0003887049219280724,0.5077768192166363
S24_2013_11812110,0.0002740191614092893,0.0002735663655680115,0.0002735029935509473,0.00027379773549329,0.7686234589284179,0.2300078460125728,0.00027380880298759445
S24_2013_8771913,0.21370935537650249,0.1655230535995915,0.0005556123732960106,0.0005561855722146042,0.5682767540857556,0.05082297565271384,0.0005560633399258479
S24_2013_11833715,0.00038788822970891776,0.00038773997798391315,0.020064842481473617,0.00038763907483746485,0.9779964316793839,0.00038758240991694786,0.0003878761466952727
S24_2013_11238434,0.521523052091541,0.18672366740060173,0.0002469262527881339,0.0002470429095879866,0.245264073184157,0.04574843370674255,0.00024680445458163285
S24_2013_11629606,0.00030996466240993395,0.8655087356533183,0.07881099414585051,0.000310442367255009,0.00031026758614435373,0.0003103836463514177,0.054439211938670455
S24_2013_11952521,0.14479607761083355,0.0005220345889605906,0.0005218677974541027,0.0005213086135017528,0.7537127516292254,0.07761516714425286,0.022310792615771815
S24_2013_11484947,0.012659331743498653,0.07668131942171451,0.5134514942516185,0.02090790847251986,0.0004842675984148533,0.000484237170789536,0.3753314413414441
S24_2013_11590192,0.0004285167375712591,0.44344516534517564,0.141380994494379,0.00042962647042990706,0.0004288847580554619,0.24299098485083606,0.17089582734355283
S24_2013_11401200,0.0002852298698944275,0.8720599383752694,0.00028505525013315793,0.00028521335245440484,0.049944142735475636,0.07685533750517254,0.00028508291160030407
S24_2013_11304271,0.12077168176470421,0.5354088255918956,0.3420587305702454,0.00044005918186575154,0.00044007588915082665,0.00044022049189984937,0.0004404065102385734
S24_2013_11210234,0.08373847507030581,0.0004748458989891191,0.060357122910905336,0.00047537478196445546,0.8540036254355704,0.0004752931514973084,0.00047526275076759653
S24_2013_11853228,0.0006010521809780371,0.9963998766816723,0.000600056054765706,0.0005996167912006805,0.000599939318018048,0.0005996914581336898,0.0005997675152316652
S24_2013_11337068,0.1369922617073278,0.2795068873986099,0.00047968221465931375,0.06808235590006761,0.42947308502026027,0.0004799510788085534,0.08498577668026668
