,0,1,2,3,4
S24_2013_11735526,0.00082862299874506,0.10373036198074262,0.19692562920977028,0.029248672470660035,0.6692667133400819
S24_2013_10819863,0.0008451197382699625,0.830754301623844,0.0008472431490371597,0.0008414877765706346,0.1667118477122782
S24_2013_11445294,0.0006430956398285471,0.48337588622876143,0.0006454352643950737,0.4525496335427999,0.06278594932421507
S24_2013_11532605,0.00040796605919116884,0.0004107627712589573,0.933946814767022,0.00041107360194309354,0.06482338280058474
S24_2013_11584832,0.7277469776009966,0.000296183812807377,0.0002963683633009635,0.04106362879765837,0.23059684142523673
S24_2013_11947106,0.00034570962276055995,0.044567006352436336,0.7131892152347505,0.021863609247377135,0.2200344595426753
S24_2013_11191735,0.41489261020280194,0.195828705802089,0.21936344596457838,0.0007355259392638821,0.16917971209126673
S24_2013_11831038,0.18293480750173716,0.8145948556713625,0.0008213797632767919,0.0008202265226081152,0.0008287305410155071
S24_2013_11256816,0.0003732308963972703,0.00037632796491545513,0.0003709212937146286,0.0003757182293682295,0.9985038016156044
S24_2013_11179684,0.0005037900142102101,0.0005091509185003889,0.000502312757520084,0.3426916245607981,0.6557931217489712
S24_2013_11620754,0.3298458292880876,0.6687118569274202,0.00047991821657440947,0.000481420592288276,0.00048097497562957074
S24_2013_11947552,0.12391112013959268,0.022319328030774667,0.0660210296293678,0.7873903624880485,0.0003581597122163624
S24_2013_11812815,0.9953670915765342,0.000310673876476123,0.003698504048830494,0.00031068572046973427,0.0003130447776892964
S24_2013_11594670,0.2661241778123463,0.0008893484225000294,0.5800614620969713,0.05435933211406972,0.09856567955411275
S24_2013_11742593,0.03867119665467376,0.0013139787982850573,0.06476072623193257,0.8948776567221082,0.00037644159300049824
S24_2013_11161117,0.00032954586991428795,0.6854733707768895,0.00033347362268031794,0.0003316838083855048,0.3135319259221304
S24_2013_11180865,0.00043409303840140866,0.00043369342242718516,0.8048498681554223,0.00043112470296461443,0.19385122068078453
S24_2013_11832809,0.000802675015483687,0.3806627310090075,0.0008069794526240163,0.11411837360283579,0.503609240920049
S24_2013_11860237,0.03612409375974916,0.7567137737360176,0.00047922866868660283,0.0637283330054543,0.1429545708300923
S24_2013_11802041,0.0008041406369690917,0.0007953498594321166,0.07959543002946715,0.35229380593629445,0.5665112735378371
S24_2013_1290513,0.0008201552003219458,0.6237837558713586,0.0008227595936690657,0.16175528444446416,0.21281804489018633
S24_2013_11478992,0.0003577394526658447,0.0003623727248869229,0.00035757673391116174,0.08011240984656903,0.918809901241967
S24_2013_11957122,0.0008672595020130679,0.0008746267474372684,0.0008700119881895286,0.10986814351299141,0.8875199582493687
S24_2013_11680305,0.0008197413889489066,0.9967092185718062,0.000818279131018753,0.000827861884383058,0.0008248990238429759
S24_2013_11460698,0.0008799879116721293,0.0008819222806292128,0.0008838589713485257,0.0008780027633785184,0.9964762280729715
S24_2013_11619166,0.0006342699151964576,0.4841861190010528,0.0006351078626801566,0.5139005458308605,0.0006439573902099368
S24_2013_11828498,0.07963718857263538,0.000531795229060371,0.047619911377440774,0.013069006840558506,0.8591420979803049
S24_2013_11646732,0.03608320814313343,0.9616593576320108,0.0007539174848812363,0.0007483049093704728,0.0007552118306042808
S24_2013_11912726,0.2313967732296234,0.17961957648407456,0.22247100710062268,0.0005041842816854451,0.36600845890399386
S24_2013_11666987,0.633450666584279,0.3022978849134113,0.0006497229336003914,0.06295080736300444,0.0006509182057046872
S24_2013_11590697,0.0007282810263210582,0.0007241759059639594,0.9695836631070901,0.0007302296774399393,0.02823365028318496
S24_2013_11183838,0.6992400708849387,0.16186099544604632,0.11850965168738746,0.01995105050110177,0.0004382314805257494
S24_2013_11213182,0.000607086123400427,0.9867091686570743,0.011469240217511016,0.0006053317539998976,0.0006091732480143269
S24_2013_11842651,0.0007994991178919453,0.0008029076122400814,0.00079963285995868,0.0008009560871256505,0.9967970043227837
S24_2013_8789495,0.0009145330636438107,0.0009132705954235656,0.46355813399227186,0.050663721405525795,0.483950340943135
S24_2013_11488901,0.00041693483994936656,0.9362964375586448,0.0004171426926887014,0.0004232786498207667,0.06244620625889637
S24_2013_11528434,0.29047754626964756,0.6131200256890466,0.00045781005743293336,0.07704658476771814,0.018898033216154884
S24_2013_11778856,0.0006661754657158018,0.26384719085156116,0.000661190525999775,0.0006626018505360737,0.7341628413061873
S24_2013_11887877,0.6304248053508167,0.25501775972203783,0.0007947605264615752,0.000799037681520106,0.1129636367191639
S24_2013_11902465,0.14989495872042932,0.3543467277103687,0.49424763418793144,0.0007547967883841339,0.0007558825928863466
S24_2013_11882591,0.0009610480226726027,0.0009652380462362652,0.0009647536099878487,0.0009622763748393259,0.9961466839462639
S24_2013_11929305,0.00048569084170273864,0.05569739470498559,0.000484509890057982,0.0004886859903868162,0.9428437185728669
S24_2013_11226423,0.00038802267371242354,0.00038719668269202484,0.9663435757704264,0.022315124918330532,0.01056607995483847
S24_2013_11563099,0.0005569845729833448,0.03643092646056524,0.0005581671672108898,0.3873372595994789,0.5751166621997615
S24_2013_11546506,0.0008068477795172146,0.5395484583493882,0.0008092980056227563,0.0008097578926143627,0.45802563797285745
S24_2013_11913335,0.4593662492126618,0.00043203883155211594,0.5378162296425008,0.00042969044865212146,0.0019557918646333707
S24_2013_11439371,0.08465219807517513,0.6398633398402368,0.0007291988045111026,0.0007213068457320644,0.2740339564343448
S24_2013_11510177,0.0007342553707804656,0.0007446028276108691,0.07512750400069709,0.9226541105430954,0.0007395272578161829
S24_2013_11825951,0.9980704198436092,0.0004813356521490575,0.0004779529542627809,0.00048651574763510495,0.000483775802343817
S24_2013_11202845,0.5230227273757305,0.4756979787739564,0.0004259345685465958,0.0004258626078851095,0.00042749667388139163
S24_2013_11780806,0.0007069539805370446,0.1930983471988269,0.10025242455671449,0.32567585363502266,0.3802664206288988
S24_2013_11787114,0.0008350456966780165,0.9966321745630733,0.0008453555907884619,0.0008428059131211317,0.0008446182363390866
S24_2013_11154896,0.0002968194677196982,0.9056995697725331,0.09340936432431104,0.00029716037932607547,0.0002970860561102409
S24_2013_11415029,0.0006765399696650363,0.8877229227928174,0.0006809914692807761,0.11023774882450782,0.0006817969437290293
S24_2013_11395792,0.24984273193364123,0.0005396681290166453,0.23815591943190956,0.5109181158325182,0.0005435646729144066
S24_2013_11873542,0.000547844894063414,0.000547371575187145,0.9313920065549485,0.000556524266117592,0.0669562527096833
S24_2013_11608412,0.0005940677050486949,0.1461824160209484,0.7806093266597298,0.0005892747093475273,0.07202491490492546
S24_2013_11662755,0.03571885585550929,0.20801225995445616,0.7449407204348507,0.010808582615403801,0.0005195811397800041
S24_2013_11441983,0.0003434675749703582,0.00034316721676571347,0.9986255745162076,0.0003427900597397099,0.00034500063231649293
S24_2013_11866265,0.0005099253666088029,0.1560280310553217,0.0005143375653689517,0.2610271734737328,0.5819205325389677
S24_2013_11571767,0.00046416074275947196,0.00046513493432079616,0.5872357864962982,0.0004689030035833636,0.4113660148230381
S24_2013_4069509,0.0007001368006567634,0.9971800986166621,0.0007073775160585983,0.0007059247016060977,0.000706462365016588
S24_2013_11360755,0.9976446419459527,0.0005994488014713139,0.0005858049364849214,0.0005851390140449013,0.0005849653020462541
S24_2013_11286801,0.018931735654587608,0.07336934933382334,0.0006970151459588095,0.0007068791697942241,0.9062950206958361
S24_2013_11290007,0.44242970701419515,0.5476916328378871,0.009168219171093608,0.0003527329479074443,0.00035770802891662906
S24_2013_11656335,0.0003273249109063572,0.5383752387850674,0.0003272864786963959,0.46064234313844404,0.0003278066868856891
S24_2013_11402957,0.9987321288629142,0.0003165200112349958,0.0003163263618577919,0.00031547754736588774,0.0003195472166269909
S24_2013_11326255,0.0006927233134423913,0.9972246242808055,0.0006990303073327916,0.0006873544158010738,0.0006962676826181414
S24_2013_11015127,0.0008952783523763086,0.16953969369501226,0.000895718141444647,0.2474387881038089,0.5812305217073579
S24_2013_11575808,0.000560057199400967,0.1328204691244909,0.0005613690463902346,0.2154719895347356,0.6505861150949823
S24_2013_11737324,0.0006065077223361943,0.9454635182798212,0.0006072943602947148,0.0006095989620169636,0.05271308067553091
S24_2013_11297631,0.00048272253154951246,0.0004834689898991196,0.0004818488023161422,0.00048282295386514995,0.9980691367223701
S24_2013_11884807,0.11326325109836727,0.3527179791683641,0.00031373817612180614,0.5120996196956498,0.02160541186149709
S24_2013_11295877,0.000621409470112702,0.6918245059570448,0.3062984798119549,0.0006284049425044501,0.0006271998183831881
S24_2013_11783821,0.8195676158235401,0.0003025635889656207,0.00030510413359319504,0.1795203615244446,0.0003043549294566719
S24_2013_8277275,0.5776854657451268,0.000914697501302768,0.2922346522231841,0.12824160252289005,0.0009235820074963072
S24_2013_11595043,0.0005326340010414323,0.6948197974204613,0.0005344459707370471,0.0005325240789897497,0.3035805985287705
S24_2013_11951692,0.5729192270693894,0.0005350255839374911,0.16212425985235984,0.14554148309581433,0.11888000439849891
S24_2013_10547763,0.5942956543573485,0.04015077476153248,0.05349096526335708,0.0003648401893252878,0.31169776542843647
S24_2013_11385582,0.000362820286085374,0.014481678987876802,0.37278458870693304,0.0003643437800988912,0.6120065682390058
S24_2013_11563383,0.6423247798349146,0.06216939907460595,0.2587380537006214,0.03624791153963459,0.000519855850223425
S24_2013_11406564,0.00037492191510320297,0.9984999625505397,0.000374984993701924,0.00037510976648543035,0.0003750207741699081
S24_2013_11589052,0.05439417804850714,0.000741352355441336,0.3674393356274979,0.4518932857422116,0.12553184822634203
S24_2013_11395528,0.4397710173344118,0.47120807326572856,0.021782594209690642,0.0004682699458855438,0.06677004524428343
S24_2013_11601126,0.19809435273653986,0.2871966970758558,0.0007200377418292526,0.0007195120770544406,0.5132694003687207
S24_2013_11645688,0.0005094254196235393,0.9979577559337017,0.0005105203869068839,0.000510271243486293,0.0005120270162813571
S24_2013_11867877,0.0006094609296294792,0.0006136598480706291,0.0006095068808322127,0.04469893781073397,0.9534684345307338
S24_2013_11212760,0.0006182757653183544,0.9975230722372046,0.0006202497120224411,0.0006151957775357078,0.0006232065079189849
S24_2013_11933058,0.0005934763447156834,0.4591107795281573,0.0005891849455082889,0.275014897942318,0.26469166123930066
S24_2013_5301555,0.029912709901858184,0.22814122383001498,0.6461330243132035,0.09551369427184847,0.00029934768307496296
S24_2013_11280371,0.13099669337872935,0.7947351765401116,0.014212056218911102,0.05964080749262666,0.0004152663696212958
S24_2013_11403993,0.0004946187914874486,0.0004940664187934479,0.0004945982275451798,0.9980244248244955,0.0004922917376784335
S24_2013_3660437,0.0004040553779644041,0.00040871354668316776,0.0004047563511759554,0.3515268265718801,0.6472556481522963
S24_2013_11591880,0.6660174701338515,0.08076795221464923,0.04260443161187453,0.10070694727197506,0.10990319876764974
S24_2013_11238598,0.000815318225491113,0.0008165527611074676,0.0008168237711726552,0.000811678456916706,0.9967396267853121
S24_2013_10346803,0.0003561327720082342,0.0003556876157648261,0.1754536834961644,0.17252291763334454,0.651311578482718
S24_2013_11765316,0.02694211863030843,0.9715601096431521,0.0004975432060506228,0.0005004571170232798,0.0004997714034656503
S24_2013_11877871,0.16628596094660175,0.0005176404187795138,0.5435229427238415,0.0005179727138767594,0.28915548319690054
S24_2013_11458191,0.07424098639659747,0.22701168182137213,0.0004499542676207296,0.0004478191627167981,0.6978495583516928
S24_2013_11790176,0.10655440910603618,0.8369078482078186,0.0003621955859121744,0.0003614459177649493,0.05581410118246832
S24_2013_9950465,0.0006073939333056669,0.191325590633157,0.0006071754343657726,0.8068495325800369,0.0006103074191347208
S24_2013_11668823,0.7291398887886074,0.0005235336615261609,0.13862099049948842,0.000521621827336371,0.1311939652230417
S24_2013_11175921,0.029354694260422004,0.11983044496675407,0.0004874267608442022,0.00048632095511151873,0.8498411130568682
S24_2013_11505971,0.0007347102847214106,0.6485339645562578,0.16854565640044883,0.0741991495666086,0.10798651919196332
S24_2013_11775615,0.0003524868088813729,0.06242165719930883,0.00035041756143587387,0.042337665221399236,0.8945377732089747
S24_2013_11188402,0.29451615176864965,0.6436232699470149,0.0006603519978890643,0.00066163654660351,0.06053858973984281
S24_2013_6913970,0.0003051287055746102,0.0003058271934749879,0.5912065021468017,0.000305883654505474,0.4078766582996432
S24_2013_11491756,0.00031669943591228076,0.6795597142635758,0.00031222046254232794,0.12490815003688821,0.19490321580108144
S24_2013_11721294,0.29683476178690155,0.0005879425851271121,0.0005888432192577792,0.7013961979710922,0.0005922544376213568
S24_2013_11205829,0.9478938318918436,0.00030370869190785206,0.00030508773019974133,0.00030535771362421086,0.05119201397242469
S24_2013_11897211,0.20094189735542714,0.0005862904108959665,0.39730500333964375,0.2107497691005475,0.19041703979348573
S24_2013_11444480,0.0005298439756159368,0.0005326988789682396,0.0005321399508881112,0.10463769448319277,0.8937676227113349
S24_2013_11271689,0.0007817897620337214,0.0007782048419131584,0.0007760421609193609,0.9968896267000281,0.0007743365351055542
S24_2013_11463516,0.0009149832535171764,0.0009162837564514487,0.7618725823474447,0.0009213692148136383,0.23537478142777304
S24_2013_11773321,0.24767616055545766,0.583900064249746,0.0007270769171054734,0.0007322094017148833,0.16696448887597595
S24_2013_11889082,0.2611169682034039,0.32164981569312795,0.16615783960578584,0.0006053298474861818,0.2504700466501962
S24_2013_10810752,0.0005377406099773807,0.8307844209260857,0.16759869403304528,0.0005417588182560319,0.0005373856126357889
S24_2013_11857112,0.0005488262657330761,0.0005523780627922464,0.0005471139060889289,0.724905683236468,0.2734459985289178
S24_2013_11666865,0.0006706254849002474,0.555433726945917,0.0006837162318283197,0.0006727195041560135,0.44253921183319833
S24_2013_11307501,0.997300755111333,0.0006786183013171725,0.0006761600431022004,0.0006706863269276179,0.0006737802173200054
S24_2013_11560192,0.0008811209855786037,0.0008780930220873824,0.5681734552917683,0.0008775906041115751,0.42918974009645416
S24_2013_11820814,0.0006972987702320989,0.6905312836790939,0.3073634968625343,0.0007036091817466045,0.0007043115063930738
S24_2013_11207335,0.00041938127761804544,0.000419992493979264,0.030879403945737845,0.0004172541253684607,0.9678639681572965
S24_2013_11637457,0.0006555290509978072,0.9973673415734908,0.0006549084360182811,0.0006607574166579556,0.0006614635228350371
S24_2013_11455517,0.0008819654251509452,0.0008989397019652084,0.0008786122410956859,0.0008820899752717595,0.9964583926565164
S24_2013_11605815,0.0005311719993514523,0.0005346665706330515,0.0005324422512988465,0.0005347186061387066,0.9978670005725779
S24_2013_11250767,0.47361909852023054,0.10626859300746885,0.00032098937748701077,0.06953965209018986,0.35025166700462385
S24_2013_11289296,0.048248402850057,0.8614509578516397,0.00043203102525962613,0.00043365389578118056,0.08943495437726261
S24_2013_11528182,0.3971919531635642,0.00030953415113124736,0.3099248378904439,0.06520150374512783,0.22737217104973276
S24_2013_10974992,0.03069108104895663,0.06337783783051121,0.0003726689645218725,0.012399088781115961,0.8931593233748943
S24_2013_11277316,0.0007486092691103696,0.898029345515194,0.035255095074924456,0.06521182242296954,0.0007551277178017721
S24_2013_11527325,0.21391556419093546,0.0009065619866142569,0.3055099059768506,0.04098373051090744,0.43868423733469214
S24_2013_5158936,0.00034560824001960805,0.000345484313727794,0.004448601904261524,0.0003451513392903332,0.9945151542027009
S24_2013_11478604,0.0004699121826079489,0.49125353575099945,0.05786655780393356,0.00047110143079593617,0.4499388928316631
S24_2013_11276418,0.0008437352029346791,0.0008504552407736276,0.0008554733812567627,0.5489482042294415,0.4485021319455935
S24_2013_906417,0.00038980065253789464,0.0003914207145682418,0.0003907085072794167,0.6873448961059299,0.3114831740196845
S24_2013_11656770,0.7430173641218575,0.0006174377594484242,0.000612787629455417,0.0006223273421069928,0.2551300831471316
S24_2013_11234596,0.0006645204819007448,0.6796338063492303,0.0254938470039914,0.03137154491572913,0.2628362812491483
S24_2013_11675703,0.8714756827354753,0.12614810315063416,0.000787926281625109,0.0007970143264444447,0.0007912735058209648
S24_2013_11881112,0.07615570428663478,0.3068711068795577,0.014027545027647213,0.0008309110990555928,0.6021147327071048
S24_2013_11172261,0.0006924367886376357,0.0006917129237722205,0.02610566081717615,0.000688482830686192,0.9718217066397278
S24_2013_11878591,0.2583041779659244,0.7401401575705744,0.0005165284119482668,0.0005199520879886277,0.0005191839635642401
S24_2013_11604047,0.000586087566835378,0.0005980346659565257,0.9372316831815148,0.0005833796650612419,0.06100081492063208
S24_2013_11229768,0.0005811121819843152,0.0005876952566198038,0.0005844984628053133,0.3421772705576868,0.6560694235409037
S24_2013_11500618,0.0007316578701427925,0.0007227458984687485,0.08663050440663282,0.0007181704785853166,0.9111969213461704
S24_2013_3988406,0.0008233437800748964,0.0008294962742245886,0.0008282043592699778,0.819841054293543,0.17767790129288757
S24_2013_11747348,0.0006961375815840342,0.000695425555145617,0.9972158131233634,0.0006935181763428499,0.0006991055635639262
S24_2013_11401195,0.5277054302954152,0.221328320508588,0.012764879848630182,0.00042008115231210655,0.2377812881950546
S24_2013_11433149,0.000839583637647374,0.9966167845142493,0.0008415307625587623,0.0008470105656169514,0.0008550905199275583
S24_2013_10760262,0.0003496551351327415,0.9986004282070019,0.0003477748103487676,0.0003524845432549877,0.00034965730426169355
S24_2013_11660227,0.021037444157394804,0.00044392559575658124,0.0004452648516667439,0.9776303697515369,0.0004429956436449239
S24_2013_11523652,0.11115952765956853,0.2001835899104906,0.0990889636921688,0.26540479568554864,0.3241631230522234
S24_2013_11252323,0.11781007419250682,0.13306912877985017,0.20616628118249608,0.0004693726121412556,0.5424851432330057
S24_2013_11305676,0.5641427883460423,0.26054904906271875,0.17389042089372336,0.0007059223713157028,0.0007118193261998345
S24_2013_11702096,0.7461736525042026,0.16640822897187052,0.0004235808266913387,0.01503827914770216,0.07195625854953332
S24_2013_11803652,0.117440278427277,0.14215792381201472,0.0007779077669296081,0.0007831006065914848,0.7388407893871871
S24_2013_11196353,0.07815940357507369,0.22930117885593515,0.1436883775683504,0.2126037460848288,0.336247293915812
S24_2013_11391310,0.23684564282023238,0.03402807359946847,0.0004806352622152597,0.15689629356867518,0.5717493547494088
S24_2013_11650292,0.0003883741836890322,0.3908242955449004,0.19424672956236003,0.10513835703088936,0.3094022436781612
S24_2013_11410656,0.07976525794319492,0.5004721198553749,0.0006946075968774556,0.4183668352990524,0.0007011793055002319
S24_2013_11441561,0.000514971979920269,0.0005192567957774584,0.9148857141100188,0.0005182263705045297,0.08356183074377899
S24_2013_11686543,0.00038590907986829593,0.0003897848173334883,0.00038791887121274464,0.9767602943413416,0.022076092890243953
S24_2013_1478466,0.0007005428609962761,0.04074033510405854,0.0007023570895499398,0.684592770043634,0.27326399490176134
S24_2013_11527530,0.30809999153030243,0.11557552034112493,0.4498443824790503,0.00040375536184993706,0.12607635028767245
S24_2013_11450691,0.0007438438872821995,0.045088229996472745,0.0007444615435123137,0.2713974974008178,0.6820259671719148
S24_2013_11480080,0.0005784042271882133,0.0005741372342819307,0.913160482801807,0.05315355696591279,0.0325334187708103
S24_2013_11691294,0.0008409475381182015,0.0008483471582905254,0.0008414240529544389,0.8167704495244177,0.1806988317262192
S24_2013_11143013,0.0009039945335893615,0.06965940441590797,0.0009055672527180315,0.1882756470155035,0.7402553867822812
S24_2013_11621417,0.0005206332429248733,0.07545059407270484,0.007513633895226334,0.0005218650826677731,0.9159932737064762
S24_2013_8224607,0.0003994315343717643,0.00039682813218166893,0.0004007631775261822,0.0003951307892310889,0.9984078463666893
S24_2013_11710396,0.7851446149417518,0.21299834117690863,0.0006180474578485789,0.0006188749496424648,0.0006201214738486505
S24_2013_11832402,0.3901898939996572,0.23611681406203197,0.15601009721913886,0.0004732593623759926,0.21720993535679603
S24_2013_11602520,0.0003639613549222479,0.9985470837434565,0.00036441937907226175,0.0003605497877665515,0.00036398573478233187
S24_2013_11674455,0.8837775745669354,0.11377546171682687,0.0008153027511355307,0.0008149712187280066,0.0008166897463743009
S24_2013_11780299,0.0007146190665886633,0.000715877440329819,0.000714393990072516,0.052042926467192725,0.9458121830358164
S24_2013_11181946,0.0009032674745042812,0.0009049367464670989,0.0775405228747843,0.0009046128850411174,0.9197466600192032
S24_2013_11548074,0.00039953062244822094,0.8306884905826765,0.0003992832956405134,0.08085240297232743,0.0876602925269074
S24_2013_11282800,0.0009214784557151565,0.0009159923871199108,0.0009134411266834409,0.3278812330682744,0.6693678549622072
S24_2013_11734053,0.38110812999375454,0.0004586731950516405,0.00045839975236735235,0.3147225901974599,0.3032522068613666
S24_2013_11344797,0.000385802393489819,0.06302810535836446,0.00038504861623171906,0.0003865540748482762,0.9358144895570658
S24_2013_11844467,0.000576979555210276,0.10872305731300429,0.0005818405728432048,0.07942559153357752,0.8106925310253648
S24_2013_11601277,0.000563903745363124,0.0005612693496033042,0.0005598370016632741,0.00055969906071021,0.9977552908426601
S24_2013_11505780,0.0007174948056145922,0.0007202084577064462,0.0007176718443220108,0.01718177710062428,0.9806628477917327
S24_2013_11772132,0.4948995294009792,0.5030319689490438,0.0006916919418333827,0.0006862720914677803,0.0006905376166759943
S24_2013_11586861,0.0025915968359202317,0.00027901676416790586,0.9817863631853895,0.00027518580762319,0.015067837406899178
S24_2013_11489204,0.352332172148556,0.15683365208689543,0.0007108651098711374,0.044776218646890235,0.44534709200778705
S24_2013_11923573,0.7584770419695308,0.14363412244597698,0.0005876796559914259,0.0005919184151360622,0.0967092375133648
S24_2013_11564213,0.0005443116300018907,0.9978258169199143,0.0005420293225188356,0.0005420429848323953,0.0005457991427326448
S24_2013_11895663,0.06249340908797001,0.00042456188310595447,0.0004248673665810819,0.07911708353469116,0.8575400781276519
S24_2013_11535097,0.9558022486820034,0.0002555240375687907,0.04343336147142529,0.00025536721576558996,0.00025349859323692904
S24_2013_11671083,0.14134130798650188,0.638702726390507,0.0005444216218783515,0.000546413896896487,0.2188651301042163
S24_2013_11322278,0.0007162080800266229,0.126338426695632,0.0007134023093275543,0.18501337375104168,0.6872185891639722
S24_2013_11718485,0.00034475575687491244,0.0799532635984117,0.0003438304630537495,0.07605251038806952,0.8433056397935902
S24_2013_11721505,0.0006059523775418832,0.18962892376042906,0.0006114154855753558,0.12285559253079972,0.686298115845654
S24_2013_11507459,0.0005019218005434902,0.0005021239072750746,0.0005060227350191585,0.03082567454480001,0.9676642570123622
S24_2013_11356403,0.0005885118813520214,0.0005862364721991122,0.04733349012484799,0.0005833783918205415,0.9509083831297802
S24_2013_11152953,0.7479642784214742,0.2502164872876152,0.0006061125404504586,0.0006042099245412166,0.0006089118259189543
S24_2013_11778965,0.0004360873944130382,0.629049104397644,0.31696257840221265,0.00043630740156223467,0.053115922404168146
S24_2013_11755073,0.056881211391014104,0.1995205226910206,0.0004161424747043805,0.00042095361022494735,0.742761169833036
S24_2013_11329858,0.02300265304031904,0.17248268740690678,0.0008469199984976765,0.0008513312345012894,0.8028164083197752
S24_2013_11430373,0.0003887885950205888,0.00038975941189728727,0.9984365410639181,0.00039215848656377385,0.0003927524426003112
S24_2013_11386586,0.0008178519168827173,0.3772323084737892,0.07472233649845302,0.21883009316189553,0.3283974099489797
S24_2013_11450669,0.0006860247605098902,0.0006879909208873398,0.38146407888870526,0.0835666589407999,0.5335952464890976
S24_2013_11472987,0.08333749331871396,0.8384155943643367,0.0005697712823134727,0.023497138504841933,0.054180002529793846
S24_2013_11547871,0.0006089110266785339,0.0006111527413104163,0.0006099890043411198,0.0006137587852956168,0.9975561884423744
S24_2013_11913822,0.0007015237697763787,0.0007044491601218513,0.000704073984901234,0.7190605582677309,0.2788293948174696
S24_2013_11131485,0.44193186937719814,0.38589863479941416,0.01062635714453817,0.16097816529831507,0.0005649733805341494
S24_2013_11893284,0.000854818905846022,0.0008574597565773911,0.0008513883883385648,0.0008693139686143355,0.9965670189806237
S24_2013_11674477,0.0007244581929436463,0.7947269883757379,0.0007243666520311565,0.20309603124167194,0.0007281555376152502
S24_2013_11412585,0.0004565192385517271,0.9154926521187112,0.00045685534770733676,0.08313177773286459,0.0004621955621652488
S24_2013_6463341,0.0004279482425231345,0.03826551674509115,0.00042898701359795293,0.8281566489182115,0.13272089908057624
S24_2013_10776948,0.0003585228683823083,0.06064485733428638,0.00035724584370532144,0.0003602546403313311,0.9382791193132947
S24_2013_11302629,0.0007537202411815827,0.6328857737169034,0.0007531796869823585,0.0007586300900680672,0.3648486962648646
S24_2013_11591819,0.0006989652443092841,0.5870908895165955,0.000686661983881471,0.0006917972264252586,0.41083168602878856
S24_2013_11790479,0.00032197848396046404,0.773002115652335,0.0003227801486635777,0.0003257563978735774,0.22602736931716735
S24_2013_11039772,0.0004484839778892136,0.3830488856203709,0.000449029011859394,0.2905884626449943,0.32546513874488614
S24_2013_11698685,0.0006549291936930266,0.0006627898940367255,0.0006516079325539466,0.535255230825849,0.4627754421538673
S24_2013_11240053,0.0006142028434437513,0.17227812335052295,0.8258723468151594,0.000619546770360381,0.0006157802205134859
S24_2013_11796340,0.01299994594409747,0.0007456252144160413,0.6933720136516196,0.2921323939964598,0.0007500211934070395
S24_2013_11254121,0.000640502942229513,0.3327378139780581,0.047169145717895634,0.618810346425877,0.0006421909359399112
S24_2013_11386002,0.1467620475272633,0.8158883644325147,0.03636922191405293,0.0004885526647331928,0.0004918134614359912
S24_2013_11891383,0.5685264651678474,0.4301241152986589,0.00044855519460578115,0.0004493694675263814,0.00045149487136141313
S24_2013_11458590,0.000723133797349074,0.9971005212189165,0.0007232376136201461,0.0007252476515918629,0.000727859718522489
S24_2013_11768645,0.5130040818523007,0.38796532741723017,0.000492876539327472,0.0004864825443302937,0.09805123164681137
S24_2013_11860075,0.0005797224038805517,0.000582791586640723,0.0005807198543862293,0.9224093311040996,0.07584743505099294
S24_2013_11291756,0.0006774684346590369,0.18161365989392833,0.17209847216607413,0.4411477638798555,0.20446263562548295
S24_2013_11877434,0.0004847570216240469,0.44442143434602915,0.00048694941053108897,0.5049089426910307,0.04969791653078493
S24_2013_10973807,0.3475430272906457,0.650782410118205,0.0005616131752853284,0.0005557996822773392,0.0005571497335865155
S24_2013_11812110,0.5309885279995583,0.31810193533754794,0.00791748680724175,0.1425992978814522,0.0003927519741997787
S24_2013_8771913,0.22920213389670624,0.12030947515716703,0.28936712748245236,0.04579196863440186,0.3153292948292725
S24_2013_11833715,0.9176652997548214,0.08067556807841128,0.0005559985650455025,0.0005505905909989367,0.0005525430107230656
S24_2013_11238434,0.18457170237272763,0.0003546461714985547,0.5846342463208318,0.00035411289842636224,0.23008529223651566
S24_2013_11629606,0.00044539403534896936,0.00044942206146776376,0.00044379138492414515,0.8444910688750251,0.154170323643234
S24_2013_11952521,0.6321241922494744,0.19057931869803266,0.04437069301237354,0.13217812559945075,0.0007476704406687747
S24_2013_11484947,0.0006914656823271081,0.3692670253896237,0.5990390538595166,0.0006924298600785159,0.03031002520845421
S24_2013_11590192,0.0006192405511576852,0.09093469759766237,0.0006134602962447773,0.9072145859114226,0.0006180156435125772
S24_2013_11401200,0.00040876655788164596,0.00040846491264657494,0.00040738172365722893,0.09950827647793763,0.899267110327877
S24_2013_11304271,0.11456184830360075,0.10980870635388636,0.3064129794271157,0.05196547691549826,0.417250988999899
S24_2013_11210234,0.9383340157798112,0.0006867125073092299,0.05962096915030916,0.000678057722172172,0.0006802448403983143
S24_2013_11853228,0.0009044288262863435,0.0009040309010877313,0.0727272047951195,0.08344887550620579,0.8420154599713007
S24_2013_11337068,0.2998940883728596,0.3144451463873143,0.0006945025683918007,0.0006837151784300326,0.3842825474930042
S24_2013_11616128,0.0006505354189577729,0.9973935190162541,0.0006506818700886585,0.0006491184673423832,0.0006561452273572064
S24_2013_11291273,0.029528860626758024,0.0008139770323285147,0.33079708559953475,0.2291493015636341,0.40971077517774457
S24_2013_11716954,0.0007881010428889586,0.9968247211567244,0.0007928487977059021,0.0007988309421404255,0.0007954980605404003
S24_2013_11091682,0.00045378841115722946,0.00045397977800527736,0.0004515744352013323,0.0004524064307589162,0.9981882509448772
S24_2013_11582576,0.000799197451397989,0.05072736161103189,0.000796187845542195,0.4979966039579826,0.4496806491340452
S24_2013_11448502,0.00032992066053215554,0.00032998202620582943,0.0003291392369019202,0.00033078836543133194,0.9986801697109288
S24_2013_11632639,0.6411497143654133,0.14950596608135178,0.0007071330026524738,0.0006835238329930006,0.2079536627175893
S24_2013_11681574,0.9983819132194136,0.0004054692153094946,0.00040136804364994296,0.0004070596698582013,0.00040418985176878306
S24_2013_11377157,0.0005102888601227228,0.0005105053058352862,0.10491912309286033,0.7251370317264645,0.16892305101471727
S24_2013_11375739,0.19393691548324377,0.6848554871248854,0.000544788856983195,0.0005439672234824589,0.12011884131140527
S24_2013_11549899,0.03796322816517055,0.19867082597380742,0.0429906109132977,0.4839998002123019,0.2363755347354225
S24_2013_10593498,0.21385715424167848,0.03961229526185773,0.0006810180974438031,0.022190847527858035,0.7236586848711619
S24_2013_11928592,0.0005115220168619808,0.0005147458855084777,0.34425349780947745,0.0005147798311829763,0.6542054544569691
S24_2013_5932643,0.0003455722146665272,0.5300634098256608,0.0003442643922063205,0.3862871259661713,0.08295962760129487
S24_2013_11530533,0.000297767743993642,0.3238864872703166,0.45995055318716915,0.0002986361930041244,0.21556655560551646
S24_2013_11596853,0.00040968664125404203,0.18125849787668943,0.0004120547448354274,0.6991798299307452,0.11873993080647588
S24_2013_11905302,0.0009573863104032738,0.6307331256391912,0.0009631570978951082,0.20061379710820648,0.16673253384430395
S24_2013_11151787,0.6810224073117567,0.3167824317358564,0.0007369410872312565,0.0007260194578366525,0.0007322004073190836
S24_2013_11428898,0.0008387471040846067,0.9966455701760808,0.0008378438371293827,0.000836989836859538,0.0008408490458457438
S24_2013_11626359,0.0005191246245004208,0.4717444334920717,0.0005234112840758057,0.3042704017304029,0.22294262886894928
S24_2013_11383062,0.34597627777537127,0.6517330595566396,0.0007649395255877023,0.0007624477559759426,0.0007632753864255849
S24_2013_11766475,0.0008371093419280903,0.000838431534555883,0.0008376313324791246,0.0008408461958106594,0.9966459815952262
S24_2013_11861122,0.74394994342881,0.20872237422067502,0.0006583509185800153,0.04601198268704135,0.0006573487448937065
S24_2013_11362720,0.000760485065902683,0.0007761870045185855,0.0007760775369719986,0.36322371067223297,0.6344635397203737
S24_2013_11385014,0.35072543712532006,0.036497411152034656,0.5531733759156238,0.0005760245610439608,0.05902775124597764
S24_2013_11300207,0.0007562374997972103,0.0007639787878214966,0.10938303099298784,0.09326105171065538,0.7958357010087381
S24_2013_11553055,0.020142045873984875,0.0003136037380181639,0.8696069984617872,0.00031287115089137594,0.10962448077531843
S24_2013_11173100,0.0005070927756415782,0.22902610585346753,0.0005056109000822034,0.7694536408745133,0.0005075495962953927
S24_2013_11615979,0.21652990712448628,0.7811302649041421,0.0007724982209911915,0.0007846296027784866,0.0007827001476020067
S24_2013_11308692,0.000473357888554785,0.45026851442939153,0.00047791397914292657,0.3281918014904872,0.22058841221242356
S24_2013_11477024,0.1074802908486691,0.564424433328568,0.0005549788564104171,0.32698475590653053,0.0005555410598219294
S24_2013_11520055,0.2442721681389137,0.5357787521798867,0.0005683408463254269,0.21881405280803085,0.0005666860268432449
S24_2013_11896792,0.0009833652824223793,0.000985488227164548,0.0009853549990187207,0.0009867307635651565,0.9960590607278291
S24_2013_9962615,0.00038872903316898447,0.9793408050002919,0.019495815825176854,0.00038546827005848933,0.0003891818713039182
S24_2013_11581925,0.00047907335456993515,0.03741245857384389,0.1542520917679662,0.07158460483225536,0.7362717714713646
S24_2013_10401166,0.012578020807187739,0.9864055337859662,0.0003378274971241332,0.00033818698478200836,0.000340430924939952
S24_2013_11642229,0.018987665172356977,0.0005122577276940517,0.000517622219563259,0.000512705253306677,0.9794697496270791
S24_2013_11487195,0.3169085069414184,0.00065222334517247,0.1415449094027142,0.5402421920298494,0.0006521682808456072
S24_2013_11715279,0.0007566148177979587,0.0007574128410980182,0.9969644064035869,0.0007607365379929174,0.0007608293995243681
S24_2013_11766596,0.01284779531853913,0.8264212604788027,0.00045000393122208456,0.11664774188640127,0.04363319838503479
S24_2013_11376838,0.0005599196773386097,0.0005609579062006309,0.0005590398067389637,0.0005599652093693207,0.9977601174003524
S24_2013_11413937,0.0005012065220515172,0.7311706997381934,0.000500350498103595,0.267322995730175,0.0005047475114766139
S24_2013_11556233,0.0005432139036479714,0.0005493642192685666,0.0005413819538640023,0.0005444101010398792,0.9978216298221796
S24_2013_11161712,0.0007125403126272923,0.3094310817511582,0.0007055788099848227,0.0007147245162341491,0.6884360746099955
S24_2013_11453838,0.039575985381803444,0.31457779790776685,0.14113014649669864,0.15292963759340267,0.3517864326203285
S24_2013_11587964,0.11571910752202541,0.8820747672692741,0.0007353819592365759,0.0007315009094275757,0.0007392423400363293
S24_2013_11425769,0.0003856677829987602,0.012529750243065933,0.0003837862836602353,0.6655458084822634,0.32115498720801167
S24_2013_9597814,0.05967502354678119,0.39544588336211267,0.0005743146886313938,0.0005774974716802504,0.5437272809307946
S24_2013_11799529,0.7921059707150149,0.0235188022767918,0.00048982763223071,0.0004851291951993255,0.18340027018076327
S24_2013_11258328,0.0006287544743042033,0.5656351039443069,0.0006233561931725787,0.15772777976449628,0.27538500562372004
S24_2013_11593010,0.4578349290169567,0.25531202155862137,0.013540705082004553,0.00037556382170000956,0.2729367805207174
S24_2013_11857597,0.000708545299065994,0.2657835813807832,0.10726007947253884,0.11103251946397631,0.5152152743836357
S24_2013_11736524,0.0005344685561215015,0.0005309591596597926,0.0512029437065437,0.0005307689969130308,0.947200859580762
S24_2013_11579474,0.0007781940085653149,0.9968507933641724,0.0008087257352157215,0.0007803184313716348,0.0007819684606750147
S24_2013_11601859,0.32164731178311395,0.0007824144352140929,0.5565322930402569,0.0007754834753782434,0.1202624972660369
S24_2013_11457061,0.000720984605312585,0.0007205089100002836,0.0007196046997462438,0.000725549306596751,0.9971133524783442
S24_2013_11485633,0.0004698291827300957,0.9602522413758167,0.0004699730220926109,0.00047100496549445724,0.038336951453866085
S24_2013_11728208,0.0006167758046155748,0.0006268174187999277,0.0006170427947774104,0.419727938421499,0.578411425560308
S24_2013_11416075,0.3031508052729781,0.46046593799012414,0.054061204050482606,0.0005641437146069456,0.1817579089718084
S24_2013_11503957,0.0006539229702521286,0.0006519307710194636,0.9273155132980225,0.0006524553143879252,0.07072617764631799
S24_2013_3609535,0.26651173138815615,0.0005516241670187453,0.018281615811652267,0.16300081562624377,0.551654213006929
S24_2013_11476019,0.0006970207776300334,0.9972286805478687,0.0006919671195512356,0.00068799582407445,0.0006943357308754037
S24_2013_11596915,0.02767695212001139,0.9701126122084252,0.000740378627688594,0.0007319685330363563,0.000738088510838609
S24_2013_11932479,0.0009627359212437637,0.17218848596351927,0.8249015036603181,0.0009729801035181321,0.000974294351400583
S24_2013_10722512,0.0008176675762245629,0.996718927182873,0.0008216694674636508,0.0008218645074513998,0.000819871265987455
S24_2013_11189618,0.08019617231073291,0.14915255133500877,0.0007654149422731627,0.009661309486922702,0.7602245519250626
S24_2013_11645094,0.4702329162864396,0.15632133261688017,0.3418634329390726,0.0004412357231055078,0.031141082434502143
S24_2013_11338673,0.5754514198168555,0.17254039875118113,0.0008234604915480488,0.0008291856140974784,0.2503555353263178
S24_2013_11308635,0.30261310662661595,0.304892251574233,0.04164560799750401,0.0125563931420037,0.33829264065964343
S24_2013_11172706,0.0005726023101846854,0.0005772363930460484,0.0005756784332086335,0.5169875089485988,0.4812869739149618
S24_2013_11754960,0.0006659090992510452,0.8012742580951699,0.0536536439695442,0.000662016658679815,0.14374417217735505
S24_2013_11918974,0.4589898301200215,0.000487628606828156,0.000492627867262631,0.07122941505559244,0.46880049835029525
S24_2013_11619675,0.8968549575944075,0.020085867898036253,0.057090022837003894,0.0004073808907898729,0.025561770779762523
S24_2013_11534006,0.7876073988927005,0.166609496545865,0.04512342252076851,0.00032974452714734626,0.00032993751351859037
S24_2013_11757025,0.22737916055366236,0.4715528856037267,0.00036826949154921193,0.00036346274786855755,0.30033622160319323
S24_2013_11639886,0.0005051442131534361,0.0005036987740818713,0.0005054864216464632,0.9979752322250247,0.0005104383660934854
S24_2013_11393325,0.0005614604077942948,0.0005650177828826835,0.9977439818993581,0.0005633128093353896,0.0005662271006295247
S24_2013_11645026,0.0004365935362100789,0.9286495671445736,0.07003530032653478,0.00043798941862393474,0.0004405495740575316
S24_2013_11947884,0.22636405600566856,0.6250328128076872,0.04286226829872015,0.0004598241121620841,0.10528103877576217
S24_2013_11382023,0.0003004514809357702,0.0003019628298624111,0.998793914495021,0.0003009235804451433,0.000302747613735725
S24_2013_11402743,0.5641463426084854,0.4108394932826663,0.0007456798193616764,0.0007457989896153909,0.02352268529987131
S24_2013_11622853,0.0008368378833368586,0.43725951385547546,0.0008391211115710788,0.0008477498544096087,0.560216777295207
S24_2013_11206235,0.07107934720087578,0.000578310244847685,0.0005801873753270567,0.9271809017255587,0.0005812534533908417
S24_2013_11404352,0.0007917361851324318,0.0007934906826411748,0.996828294512662,0.0007905065507235406,0.0007959720688408739
S24_2013_11657833,0.0005682337078281567,0.0005695556551385004,0.8271387890874465,0.0005693020433683532,0.17115411950621853
S24_2013_11303132,0.000506349935565718,0.00051173969785597,0.0005184974238068483,0.48329982736380694,0.5151635855789646
S24_2013_11176282,0.0008996929293970504,0.0008984591153177764,0.047160364261690485,0.836092527252947,0.1149489564406476
S24_2013_11685579,0.29545855504798335,0.4561058878860916,0.14141180618059523,0.00044688823614376757,0.10657686264918607
