,0,1,2,3,4,5,6,7,8,9,10,11,12,13,14,15,16,17,18,19,20,21,22,23,24,25,26,27,28,29
S24_2013_11735526,0.00013386880856865944,0.00013386880856855547,0.00013386880856859458,0.00013386880856855135,0.00013386880856851215,0.0001338688085685729,0.00013386880856858932,0.00013386880856857986,0.0001338688085685479,0.06813880411265466,0.00013386880856855883,0.1926293966719276,0.0001338688085686053,0.4229349012279477,0.00013386880856870067,0.005757092302262482,0.00013386880856879193,0.000133868808568622,0.0001338688085686098,0.00013386880856870652,0.00013386880856850638,0.026317447006887006,0.00013386880856862074,0.00013386880856854598,0.00013386880856850825,0.00013386880856855433,0.00013386880856860236,0.0001338688085685722,0.2810095072726742,0.0001338688085687329
S24_2013_10819863,0.0001371742112488031,0.00013717421124888188,0.0001371742112488921,0.00013717421124882906,0.00013717421124885435,0.00013717421124883128,0.00013717421124886155,0.00013717421124883564,0.0001371742112488819,0.00013717421124881046,0.00013717421124887665,0.00013717421124884705,0.00013717421124882613,0.10337379195088739,0.0001371742112489691,0.0001371742112488625,0.000137174211248814,0.00013717421124886462,0.8927853301341446,0.00013717421124882857,0.00013717421124901985,0.0001371742112487601,0.00013717421124883158,0.00013717421124888142,0.00013717421124882366,0.00013717421124882851,0.00013717421124887288,0.0001371742112490122,0.00013717421124889308,0.0001371742112488254
S24_2013_11445294,0.00010548523206824554,0.00010548523206826087,0.00010548523206816557,0.00010548523206818568,0.00010548523206821447,0.00010548523206816615,0.00010548523206821443,0.0001054852320681364,0.00010548523206814794,0.00010548523206815847,0.00010548523206824121,0.00010548523206817237,0.00010548523206818728,0.38378661237828604,0.00010548523206816526,0.00010548523206815602,0.00010548523206824088,0.0001054852320682433,0.5726033687805443,0.00010548523206819352,0.00010548523206818171,0.00010548523206814409,0.0001054852320681584,0.00010548523206827762,0.00010548523206814282,0.00010548523206822106,0.00010548523206816172,0.04076191757532851,0.00010548523206826453,0.00010548523206815053
S24_2013_11532605,6.666666666712004e-05,0.05871339945072657,6.666666666711066e-05,6.666666666712645e-05,6.666666666708332e-05,6.666666666708266e-05,6.66666666671123e-05,6.66666666671027e-05,6.666666666708035e-05,0.008716147150498583,6.666666666710593e-05,6.666666666710186e-05,6.666666666709906e-05,6.66666666671285e-05,0.887614802213207,6.66666666670937e-05,0.006443698521221638,0.036845285997668835,6.666666666711762e-05,6.666666666710077e-05,6.666666666706102e-05,6.666666666706892e-05,6.666666666711484e-05,6.666666666713021e-05,6.666666666709275e-05,6.666666666706949e-05,6.666666666712682e-05,6.666666666716014e-05,6.666666666711205e-05,6.666666666710635e-05
S24_2013_11584832,4.775549188184291e-05,4.775549188185273e-05,0.15761650547333714,4.7755491881828724e-05,4.77554918818293e-05,4.775549188183396e-05,4.7755491881828975e-05,4.7755491881836734e-05,4.775549188181427e-05,4.7755491881831896e-05,4.7755491881835053e-05,4.7755491881830784e-05,4.7755491881810564e-05,0.011219415106454618,4.775549188184511e-05,4.775549188182375e-05,4.775549188187081e-05,0.3344580522709349,4.7755491881824144e-05,4.77554918818208e-05,4.775549188181994e-05,4.775549188181253e-05,0.3870675389393306,4.7755491881836754e-05,4.775549188181209e-05,4.775549188181551e-05,4.775549188183632e-05,4.775549188181249e-05,0.10844460091289658,4.7755491881842074e-05
S24_2013_11947106,0.04417002253591439,5.649717514178213e-05,5.649717514174005e-05,5.6497175141748047e-05,5.6497175141727596e-05,5.649717514173302e-05,5.649717514175618e-05,5.6497175141737327e-05,5.64971751417263e-05,0.06975048979072626,5.6497175141762995e-05,5.649717514175305e-05,5.649717514173839e-05,0.20121137532788125,0.49507219756070164,0.04230233786323281,5.6497175141787295e-05,5.649717514177297e-05,5.649717514176446e-05,5.649717514173725e-05,5.649717514173906e-05,5.649717514171899e-05,5.64971751418065e-05,5.649717514177369e-05,0.11387424951770034,5.649717514174918e-05,5.6497175141737327e-05,5.6497175141747064e-05,5.649717514175498e-05,0.03231989237558269
S24_2013_11191735,0.00011947431302324219,0.00011947431302328754,0.1829667678092511,0.00011947431302337622,0.00011947431302328741,0.00011947431302330166,0.00011947431302332655,0.00011947431302325856,0.00011947431302331625,0.00011947431302332787,0.05208132350179777,0.0001194743130232728,0.00011947431302328081,0.11361065840346915,0.00011947431302329945,0.00011947431302333946,0.00011947431302329285,0.15598611265992574,0.00011947431302335804,0.00011947431302332986,0.015329795719769782,0.00011947431302323637,0.00011947431302330537,0.00011947431302329663,0.00011947431302352733,0.00011947431302323598,0.17318812600395264,0.00011947431302330357,0.05090489242866221,0.2533038885866588
S24_2013_11831038,0.0001344086021513268,0.00013440860215133184,0.3326561379367928,0.00013440860215138464,0.03623158778170435,0.03289783808755765,0.07518100457631502,0.00013440860215139936,0.37814029248686704,0.00013440860215134458,0.00013440860215144023,0.00013440860215132615,0.00013440860215136756,0.0001344086021514139,0.000134408602151338,0.00013440860215138038,0.00013440860215133593,0.00013440860215138404,0.14166733267913034,0.0001344086021513989,0.0001344086021513049,0.0001344086021512715,0.00013440860215140535,0.00013440860215144227,0.00013440860215133235,0.00013440860215130417,0.0001344086021513795,0.00013440860215144712,0.0001344086021514129,0.0001344086021514135
S24_2013_11256816,6.038647343044707e-05,0.009446279717475865,6.03864734304808e-05,6.038647343045772e-05,6.038647343045596e-05,0.017973511558910544,6.038647343048229e-05,6.038647343046266e-05,0.011084385174813872,6.0386473430460824e-05,6.038647343048767e-05,6.038647343045333e-05,6.038647343046668e-05,0.9199217944888239,6.038647343044433e-05,6.038647343047873e-05,6.0386473430456785e-05,0.021857385786760143,6.038647343046219e-05,6.0386473430459076e-05,6.038647343045347e-05,6.038647343041352e-05,6.03864734304593e-05,6.038647343044789e-05,0.007446505264330215,6.038647343042216e-05,6.0386473430454034e-05,0.010881249119984948,6.038647343046687e-05,6.0386473430456955e-05
S24_2013_11179684,8.190008190052957e-05,0.13122253964719466,8.190008190052952e-05,8.190008190058112e-05,8.190008190054601e-05,0.06516254498650162,8.190008190055872e-05,8.190008190053426e-05,8.190008190054303e-05,8.19000819005314e-05,8.190008190052652e-05,0.021236877483190374,8.19000819005239e-05,0.7002421310181064,8.190008190051501e-05,8.190008190053383e-05,8.190008190054656e-05,8.190008190054075e-05,8.190008190055777e-05,8.190008190054132e-05,8.190008190053274e-05,8.190008190048329e-05,8.190008190051524e-05,8.190008190058722e-05,8.190008190062467e-05,8.190008190050368e-05,8.19000819005147e-05,8.190008190052245e-05,0.08008840481749349,8.190008190052236e-05
S24_2013_11620754,0.018912705302876184,7.824726134640225e-05,0.1276992421570071,7.82472613464637e-05,7.824726134643566e-05,7.824726134639338e-05,0.2293898375504608,0.018236252967270713,0.02147457796755608,7.824726134639664e-05,0.44840297461445927,7.82472613464446e-05,7.824726134637842e-05,7.824726134642242e-05,7.824726134639652e-05,7.824726134640709e-05,7.824726134643569e-05,0.02309014543231442,7.824726134641238e-05,7.824726134638011e-05,7.824726134636362e-05,7.824726134636717e-05,0.11107282425843484,7.824726134641909e-05,7.824726134641033e-05,7.824726134636951e-05,7.82472613463905e-05,7.824726134640347e-05,7.824726134637936e-05,7.824726134641888e-05
S24_2013_11947552,5.7971014492912287e-05,0.025426182916599933,5.7971014492937366e-05,5.797101449290768e-05,5.797101449294113e-05,5.7971014492919564e-05,5.797101449292105e-05,5.797101449292332e-05,5.797101449291695e-05,5.7971014492927255e-05,5.7971014492931104e-05,5.7971014492915356e-05,5.79710144929002e-05,0.1461991597934252,5.797101449294517e-05,5.7971014492924355e-05,0.04586252764761635,5.797101449291154e-05,5.797101449291511e-05,5.797101449292333e-05,5.797101449288854e-05,5.797101449293497e-05,5.7971014492914184e-05,5.797101449291357e-05,5.797101449294359e-05,5.797101449289361e-05,0.7810048832655424,5.797101449289846e-05,5.7971014492925385e-05,5.7971014492938504e-05
S24_2013_11812815,5.073566717441045e-05,5.0735667174448894e-05,0.0838785007948375,5.073566717443327e-05,5.073566717444935e-05,5.0735667174439564e-05,5.0735667174439984e-05,0.18222037172272226,0.010961080533332513,5.073566717447433e-05,5.0735667174455766e-05,5.073566717445154e-05,5.073566717445275e-05,5.073566717447055e-05,5.073566717443333e-05,5.0735667174435044e-05,5.073566717447341e-05,5.0735667174447004e-05,5.0735667174443365e-05,5.073566717443316e-05,5.073566717441263e-05,5.073566717443992e-05,0.45448959683829016,0.07427273839805769,5.0735667174426905e-05,5.073566717450541e-05,5.073566717448187e-05,5.073566717442603e-05,5.0735667174447356e-05,0.19296005570057295
S24_2013_11594670,0.00014492753623284983,0.014373868862559869,0.0001449275362327179,0.00014492753623266682,0.00014492753623262725,0.0001449275362327468,0.00014492753623263608,0.4874638170104537,0.00014492753623261868,0.00014492753623271472,0.0001449275362327382,0.0001449275362325862,0.0001449275362326512,0.14190863187348737,0.14387119380600544,0.00014492753623259453,0.00014492753623263316,0.00014492753623265178,0.0001449275362326842,0.0001449275362325978,0.0001449275362327817,0.0001449275362325852,0.00014492753623271396,0.0001449275362326361,0.00014492753623279096,0.00014492753623256656,0.2087593000416768,0.00014492753623260703,0.00014492753623268048,0.00014492753623266633
S24_2013_11742593,6.15006150064389e-05,6.150061500643904e-05,6.150061500642177e-05,6.150061500645363e-05,6.150061500643429e-05,6.150061500644499e-05,6.150061500643272e-05,0.0075778206655842395,6.150061500644157e-05,6.150061500643383e-05,6.150061500645291e-05,6.150061500641079e-05,6.150061500644088e-05,6.150061500645238e-05,6.150061500644554e-05,6.150061500645674e-05,0.44129462238893435,6.150061500642033e-05,0.2378665153470505,6.150061500645282e-05,0.009635272847012566,0.30208825337625683,6.150061500642594e-05,6.150061500643303e-05,6.150061500644057e-05,6.150061500643085e-05,6.150061500642184e-05,6.150061500641949e-05,6.150061500642489e-05,6.15006150064461e-05
S24_2013_11161117,0.024438992120407788,5.393743257865155e-05,5.393743257864714e-05,0.04314412116042812,5.3937432578660354e-05,5.393743257866663e-05,0.15471428324973338,5.3937432578650115e-05,5.393743257865365e-05,0.039506979687931994,5.393743257867066e-05,0.10580311229105245,5.3937432578667225e-05,0.33088104424192616,5.393743257865355e-05,0.043989125125989875,5.39374325786488e-05,5.3937432578663755e-05,5.393743257864777e-05,5.3937432578632835e-05,5.39374325786441e-05,5.393743257860798e-05,5.3937432578627536e-05,0.06332046323672892,5.393743257862644e-05,5.393743257862814e-05,5.3937432578634306e-05,0.19306919280164958,5.393743257866905e-05,5.3937432578636684e-05
S24_2013_11180865,7.047216349590744e-05,7.047216349586024e-05,7.04721634958758e-05,7.047216349589408e-05,7.047216349588515e-05,0.021376639002889077,7.047216349588483e-05,7.047216349594074e-05,7.047216349588496e-05,0.09179659482814753,7.047216349586931e-05,7.04721634958609e-05,0.12233323465691236,0.13118696793242082,0.6315447594922334,7.047216349591636e-05,7.047216349588712e-05,7.047216349588224e-05,7.047216349586596e-05,7.047216349586585e-05,7.047216349584533e-05,7.047216349588623e-05,7.047216349590288e-05,7.047216349588903e-05,7.047216349586443e-05,7.047216349584185e-05,7.047216349588255e-05,7.047216349587535e-05,7.047216349593128e-05,7.047216349587725e-05
S24_2013_11832809,0.00012437810945338908,0.028685993375443055,0.00012437810945341933,0.050108544316273006,0.00012437810945341142,0.0001243781094534117,0.00012437810945348446,0.00012437810945339773,0.00012437810945337865,0.00012437810945341104,0.00012437810945343315,0.000124378109453405,0.0001243781094534595,0.19858399415881228,0.00012437810945337813,0.00012437810945344527,0.00012437810945351848,0.17093287072993912,0.00012437810945348511,0.00012437810945342093,0.00012437810945346178,0.00012437810945333354,0.00012437810945342454,0.0421296126526216,0.00012437810945338965,0.00012437810945335222,0.00012437810945344101,0.00012437810945346457,0.506573910140029,0.00012437810945344936
S24_2013_11860237,7.733952049535424e-05,0.0452644130927728,0.03084853886691072,7.733952049535939e-05,7.73395204953462e-05,7.733952049532752e-05,0.11489556016940837,7.733952049533996e-05,7.733952049533904e-05,7.733952049549597e-05,7.733952049534928e-05,7.733952049534759e-05,7.733952049533651e-05,0.1497863950455953,7.733952049538549e-05,7.733952049533889e-05,7.733952049540249e-05,7.733952049535108e-05,7.733952049538331e-05,7.73395204953296e-05,7.733952049541101e-05,7.733952049530568e-05,7.733952049535659e-05,7.733952049534378e-05,7.733952049532906e-05,7.733952049530377e-05,7.73395204953725e-05,0.6572716048129288,7.733952049541824e-05,7.73395204953367e-05
S24_2013_11802041,0.00012919896640943522,0.04669146361403827,0.00012919896640920287,0.00012919896640933523,0.00012919896640934338,0.00012919896640924537,0.0001291989664092384,0.00012919896640921407,0.17653855615138855,0.06869475576573594,0.00012919896640922477,0.00012919896640925047,0.00012919896640921,0.5496170033994434,0.00012919896640935485,0.00012919896640924627,0.00012919896640918013,0.15522824690916187,0.00012919896640922415,0.00012919896640930826,0.00012919896640925616,0.0001291989664091777,0.00012919896640929142,0.00012919896640922277,0.0001291989664092557,0.00012919896640917788,0.00012919896640930018,0.0001291989664092985,0.00012919896640929695,0.000129198966409333
S24_2013_1290513,0.0001338688085689404,0.0505363228502088,0.0001338688085688941,0.1851129579670894,0.017199669248467105,0.00013386880856895074,0.21333703880035673,0.00013386880856891884,0.00013386880856885018,0.00013386880856890634,0.0001338688085688731,0.00013386880856884083,0.00013386880856900877,0.09703970065845659,0.00013386880856887262,0.10746144099410114,0.05045206655044465,0.02910729830353785,0.0001338688085688506,0.013473506181991413,0.00013386880856891174,0.00013386880856881595,0.06301253218591255,0.00013386880856896584,0.17072395889662464,0.00013386880856886167,0.00013386880856889902,0.00013386880856908215,0.00013386880856892922,0.00013386880856887284
S24_2013_11478992,5.858230814321448e-05,5.8582308143248306e-05,5.858230814322398e-05,5.858230814321564e-05,5.858230814320768e-05,5.8582308143223403e-05,5.8582308143260876e-05,5.858230814326932e-05,5.8582308143243746e-05,5.858230814323156e-05,5.858230814323928e-05,5.858230814321349e-05,5.858230814322447e-05,0.687568400029507,5.8582308143216925e-05,0.023560424091334856,5.858230814320548e-05,5.858230814322938e-05,5.858230814323432e-05,0.2872894535592906,5.858230814324643e-05,5.858230814318589e-05,5.8582308143212304e-05,5.858230814321753e-05,5.858230814324285e-05,5.858230814321305e-05,5.858230814320347e-05,5.858230814323421e-05,5.858230814321303e-05,5.8582308143221425e-05
S24_2013_11957122,0.00013947001394772304,0.1228531472444191,0.0001394700139477652,0.0919434263714733,0.00013947001394770708,0.00013947001394778907,0.00013947001394774004,0.006588001527137363,0.00013947001394780747,0.000139470013947747,0.00013947001394770187,0.00013947001394776858,0.00013947001394771927,0.4532753184663156,0.00013947001394769184,0.00013947001394767647,0.00013947001394779186,0.00013947001394774448,0.00013947001394772296,0.0001394700139477017,0.00013947001394767932,0.00013947001394763338,0.00013947001394769477,0.04572474714950401,0.0001394700139476878,0.009186748092415585,0.0001394700139477462,0.00013947001394770884,0.26722080082793737,0.0001394700139476743
S24_2013_11680305,0.00013386880856837034,0.0001338688085683908,0.00013386880856835793,0.13806103931344976,0.00013386880856833567,0.00013386880856834033,0.14519864264121707,0.00013386880856838,0.022850405871225932,0.00013386880856832136,0.00013386880856838896,0.00013386880856836752,0.00013386880856831542,0.09236184620163163,0.00013386880856829897,0.0001338688085683365,0.0001338688085682995,0.00013386880856842905,0.10082245963349355,0.00013386880856831523,0.07015151669673696,0.00013386880856827946,0.00013386880856831702,0.00013386880856835446,0.11101912497833405,0.0001338688085682915,0.0001338688085683445,0.3165898508754075,0.00013386880856841333,0.0001338688085683887
S24_2013_11460698,0.00014367816092070593,0.0001436781609207035,0.00014367816092079186,0.00014367816092077644,0.00014367816092071762,0.00014367816092080788,0.00014367816092071713,0.00014367816092070065,0.0001436781609207711,0.00014367816092074955,0.0001436781609207494,0.00014367816092067625,0.00014367816092072588,0.898093833990577,0.06023794396889709,0.0377889116956662,0.00014367816092070528,0.00014367816092074746,0.00014367816092070417,0.00014367816092071754,0.00014367816092077733,0.0001436781609206514,0.00014367816092072288,0.00014367816092070976,0.00014367816092068466,0.0001436781609208491,0.00014367816092069176,0.0001436781609207329,0.00014367816092090182,0.00014367816092074445
S24_2013_11619166,0.00010416666666761835,0.2871783913159382,0.00010416666666750812,0.00010416666666750707,0.00010416666666750324,0.00010416666666751146,0.32231500071206043,0.00010416666666755524,0.00010416666666749626,0.00010416666666757097,0.0001041666666675285,0.00010416666666753006,0.00010416666666751697,0.2315490125291319,0.00010416666666759277,0.00010416666666766121,0.00010416666666763092,0.0001041666666675469,0.00010416666666770168,0.00010416666666764828,0.016539466051634293,0.0001041666666674689,0.0001041666666675035,0.00010416666666760039,0.00010416666666757296,0.0001041666666674881,0.00010416666666752941,0.0001041666666675791,0.13981396272454646,0.00010416666666750567
S24_2013_11828498,8.525149190181706e-05,8.525149190177168e-05,8.525149190188512e-05,0.02222342090433485,8.52514919018276e-05,8.525149190184716e-05,8.525149190182976e-05,0.039378398823059296,8.525149190186497e-05,0.1704366861917365,8.525149190190899e-05,8.525149190182761e-05,8.525149190181435e-05,0.1567916929522402,8.525149190182652e-05,0.01552365552003022,8.525149190185436e-05,0.019368989524945642,8.525149190195394e-05,8.525149190178149e-05,8.525149190174277e-05,8.525149190191872e-05,8.525149190180127e-05,8.525149190181586e-05,8.525149190182232e-05,8.525149190176264e-05,8.525149190184062e-05,8.525149190189774e-05,0.5587985807940347,0.015603042467778057
S24_2013_11646732,0.0001225490196084974,0.0001225490196085116,0.000122549019608527,0.00012254901960850062,0.00012254901960848477,0.00012254901960849206,0.22278693600779523,0.00012254901960853478,0.0001225490196085096,0.00012254901960863664,0.2414026161919988,0.00012254901960851507,0.00012254901960848875,0.0001225490196085486,0.00012254901960852938,0.00012254901960846872,0.0001225490196084882,0.000122549019608513,0.23420045788994673,0.00012254901960846409,0.00012254901960843094,0.00012254901960842432,0.00012254901960852987,0.19648852017833138,0.00012254901960848019,0.00012254901960846772,0.0001225490196085284,0.08429524831366772,0.00012254901960849658,0.017885044947656015
S24_2013_11912726,8.271298593909173e-05,8.271298593907007e-05,8.271298593910144e-05,8.271298593907897e-05,8.271298593905627e-05,0.7920066872147286,8.271298593907819e-05,8.271298593912119e-05,8.271298593910982e-05,0.20567734917897712,8.271298593908208e-05,8.271298593906287e-05,8.271298593907997e-05,8.27129859391329e-05,8.271298593915581e-05,8.271298593907225e-05,8.271298593906966e-05,8.271298593910413e-05,8.271298593907443e-05,8.271298593904901e-05,8.271298593904435e-05,8.271298593906978e-05,8.271298593911972e-05,8.271298593908624e-05,8.27129859390788e-05,8.27129859390587e-05,8.271298593909048e-05,8.271298593907886e-05,8.271298593910682e-05,8.271298593912941e-05
S24_2013_11666987,0.00010582010582087793,0.060271324932514386,0.5443142645633564,0.00010582010582086684,0.00010582010582081827,0.00010582010582084063,0.00010582010582090213,0.00010582010582083869,0.00010582010582083246,0.00010582010582085182,0.07588911456796056,0.0001058201058209387,0.00010582010582085907,0.00010582010582088026,0.0001058201058208449,0.00010582010582086841,0.14366559482215688,0.00010582010582084814,0.05730668691137345,0.00010582010582084777,0.00010582010582104306,0.00010582010582081245,0.11601333166293779,0.00010582010582089857,0.0001058201058208459,0.00010582010582085144,0.00010582010582084671,0.00010582010582089359,0.00010582010582086475,0.00010582010582088354
S24_2013_11590697,0.05507904802287954,0.00011862396204123742,0.00011862396204120067,0.00011862396204123631,0.00011862396204119484,0.10051077809310838,0.00011862396204116789,0.00011862396204118237,0.00011862396204135553,0.00011862396204123536,0.0001186239620412124,0.00011862396204114104,0.0001186239620412477,0.00011862396204124065,0.73916203045305,0.035622499025900645,0.06666004535403135,0.0001186239620412195,0.00011862396204119618,0.00011862396204118164,0.00011862396204127377,0.00011862396204113746,0.00011862396204123826,0.00011862396204124836,0.00011862396204120129,0.00011862396204117252,0.00011862396204116892,0.000118623962041179,0.00011862396204124522,0.00011862396204122551
S24_2013_11183838,7.092198581607722e-05,7.092198581608743e-05,0.3399859563052067,7.09219858160474e-05,7.092198581605572e-05,7.09219858160614e-05,7.092198581607879e-05,7.092198581604317e-05,7.092198581605752e-05,7.092198581606515e-05,0.1198297544230513,7.092198581604865e-05,7.09219858160499e-05,0.09947107161505736,7.092198581606686e-05,7.09219858160643e-05,7.092198581604821e-05,7.092198581608624e-05,7.092198581606286e-05,7.092198581603776e-05,7.09219858160207e-05,7.092198581599972e-05,0.02130720912374002,7.092198581606354e-05,7.092198581606186e-05,7.092198581604052e-05,0.09133708743913183,7.092198581605546e-05,7.09219858160659e-05,0.3263667934342275
S24_2013_11213182,9.861932938899501e-05,9.861932938895449e-05,9.861932938897475e-05,9.86193293889761e-05,9.861932938896555e-05,9.861932938901159e-05,0.6112693250261826,9.861932938903605e-05,9.861932938893037e-05,9.861932938899995e-05,9.861932938896909e-05,9.861932938894749e-05,9.861932938893068e-05,9.861932938898069e-05,0.01685556787854126,9.861932938899741e-05,9.861932938894277e-05,9.861932938898108e-05,9.86193293889373e-05,9.861932938895109e-05,9.861932938890692e-05,9.861932938890293e-05,9.861932938896024e-05,9.861932938896018e-05,9.861932938894205e-05,0.34369902729927027,9.86193293889304e-05,9.861932938892862e-05,0.025611977231892836,9.861932938901296e-05
S24_2013_11842651,0.0001253132832085308,0.00012531328320845695,0.0001253132832084832,0.0001253132832085205,0.00012531328320846856,0.00012531328320850802,0.00012531328320851472,0.00012531328320850957,0.00012531328320847376,0.0001253132832085609,0.00012531328320853355,0.00012531328320850477,0.00012531328320850032,0.527188263297947,0.00012531328320850653,0.00012531328320851233,0.00012531328320847091,0.0001253132832084822,0.00012531328320850723,0.00012531328320846704,0.0001253132832084408,0.00012531328320840874,0.00012531328320847517,0.00012531328320846194,0.00012531328320846416,0.00012531328320846728,0.00012531328320852176,0.00012531328320846303,0.46930296477221534,0.0001253132832084845
S24_2013_8789495,0.00014880952381075927,0.00014880952381070105,0.00014880952381073474,0.0001488095238108207,0.00014880952381066847,0.00014880952381070395,0.00014880952381070907,0.00014880952381067825,0.0001488095238106919,0.0001488095238108697,0.00014880952381076578,0.00014880952381066478,0.00014880952381090995,0.12861284848038163,0.36995715447861893,0.00014880952381075962,0.09287276891615043,0.23391756766427257,0.0001488095238107437,0.011628828471847902,0.00014880952381080676,0.029888934847385414,0.0001488095238106626,0.00014880952381090756,0.0001488095238106509,0.00014880952381062236,0.00014880952381072222,0.00014880952381070387,0.12969927809369594,0.00014880952381072412
S24_2013_11488901,6.83060109291799e-05,6.830601092923456e-05,6.830601092920793e-05,6.830601092923264e-05,0.022603465894854582,0.2652697854033819,0.7102824864066749,6.83060109292024e-05,6.830601092919745e-05,6.83060109291982e-05,6.830601092921658e-05,6.830601092920632e-05,6.830601092923514e-05,6.830601092922862e-05,6.830601092920195e-05,6.830601092920994e-05,6.83060109292521e-05,6.830601092919979e-05,6.830601092919042e-05,6.830601092925786e-05,6.830601092920857e-05,6.830601092918232e-05,6.830601092919764e-05,6.83060109292293e-05,6.830601092920586e-05,6.83060109291938e-05,6.830601092921541e-05,6.830601092921044e-05,6.830601092919794e-05,6.830601092919724e-05
S24_2013_11528434,7.407407407451252e-05,7.407407407455421e-05,7.407407407454948e-05,7.407407407454971e-05,7.407407407451938e-05,7.407407407456791e-05,0.04307995696767725,7.407407407455604e-05,7.40740740745039e-05,7.407407407453212e-05,0.23392622123224627,7.40740740745325e-05,0.0161318897510024,0.0005109722455165716,7.407407407452765e-05,7.40740740745265e-05,7.407407407454317e-05,7.407407407454882e-05,0.27552341979819234,7.407407407451461e-05,7.407407407448482e-05,7.40740740744814e-05,7.407407407453021e-05,7.407407407454596e-05,7.40740740745147e-05,7.407407407448675e-05,7.407407407453501e-05,0.10779668914591652,0.04120163601425062,0.28019958521555854
S24_2013_11778856,0.0001085776330079472,0.00010857763300801806,0.00010857763300806867,0.00010857763300801641,0.00010857763300799604,0.00010857763300802009,0.00010857763300806793,0.00010857763300798923,0.00010857763300802488,0.00010857763300798997,0.17513149457384425,0.15539348130980138,0.00010857763300798166,0.2942717058101366,0.0001085776330080006,0.09659828966029707,0.00010857763300796916,0.00010857763300803076,0.00010857763300806877,0.27589058782072085,0.00010857763300798164,0.00010857763300793608,0.00010857763300798541,0.0001085776330080136,0.00010857763300796275,0.00010857763300794076,0.00010857763300800517,0.00010857763300799719,0.00010857763300800788,0.00010857763300797846
S24_2013_11887877,0.00012970168612250454,0.00012970168612250885,0.6930789236790174,0.0001297016861226408,0.0001297016861225238,0.00012970168612251096,0.00012970168612256233,0.00012970168612254078,0.00012970168612258068,0.06471529938861861,0.00012970168612254953,0.00012970168612261727,0.11011183043292005,0.0564709713674753,0.000129701686122538,0.00012970168612249627,0.0001297016861225237,0.0001297016861225917,0.07238043297890545,0.00012970168612262922,0.0001297016861224941,0.00012970168612245667,0.00012970168612252335,0.00012970168612252574,0.000129701686122472,0.00012970168612247998,0.00012970168612251595,0.00012970168612251007,0.00012970168612257916,0.0001297016861225202
S24_2013_11902465,0.00012345679012401315,0.0001234567901239382,0.000123456790123959,0.00012345679012393945,0.00012345679012394607,0.2685904018375649,0.00012345679012394485,0.0001234567901239463,0.0001234567901240047,0.13443300155576943,0.00012345679012395488,0.00012345679012396482,0.00012345679012394626,0.00012345679012401386,0.00012345679012401082,0.00012345679012396274,0.00012345679012395845,0.00012345679012396824,0.00012345679012395,0.00012345679012393533,0.00012345679012391227,0.00012345679012391704,0.0001234567901239248,0.00012345679012393905,0.00012345679012394856,0.36554707357716193,0.22821964648628087,0.0001234567901239341,0.00012345679012394276,0.0001234567901240026
S24_2013_11882591,0.048681499120590055,0.00015290519877804708,0.00015290519877803334,0.00015290519877812758,0.00015290519877806763,0.00015290519877804657,0.0001529051987780957,0.00015290519877816437,0.00015290519877824812,0.00015290519877806408,0.016735163455170794,0.00015290519877829892,0.0001529051987781406,0.7697093396901402,0.00015290519877808321,0.00015290519877813496,0.00015290519877800474,0.00015290519877806836,0.0001529051987780487,0.0001529051987780099,0.0001529051987780029,0.00015290519877798425,0.00015290519877801816,0.018372375999122895,0.00015290519877800472,0.00015290519877806896,0.00015290519877798802,0.00015290519877803288,0.1426789917655243,0.00015290519877802575
S24_2013_11929305,7.936507936528805e-05,7.936507936534552e-05,7.936507936534295e-05,7.936507936534344e-05,7.936507936531422e-05,0.018895880980093663,0.022307173448952066,7.936507936531248e-05,7.936507936531439e-05,7.936507936530066e-05,7.936507936531976e-05,7.936507936535073e-05,7.936507936529078e-05,0.3543113147515432,7.936507936532381e-05,7.936507936534803e-05,7.936507936532658e-05,7.936507936531117e-05,7.936507936532232e-05,0.602422138755913,7.936507936532387e-05,7.936507936526364e-05,7.93650793652937e-05,7.936507936532243e-05,7.936507936530014e-05,7.936507936526556e-05,7.936507936529759e-05,7.936507936529576e-05,7.9365079365318e-05,7.9365079365308e-05
S24_2013_11226423,6.277463904612428e-05,0.016090121150398876,6.277463904614282e-05,6.277463904616526e-05,6.27746390461308e-05,6.277463904616598e-05,6.277463904613508e-05,6.277463904617212e-05,6.277463904618608e-05,6.277463904618803e-05,6.277463904613274e-05,6.277463904612916e-05,6.277463904615476e-05,6.277463904617946e-05,6.277463904614534e-05,6.277463904612727e-05,6.277463904613917e-05,6.277463904613184e-05,6.277463904613103e-05,6.277463904613302e-05,6.277463904613049e-05,6.277463904613841e-05,6.277463904616403e-05,6.277463904613507e-05,6.277463904614152e-05,0.7661328296335678,6.2774639046143e-05,0.13897857119373905,0.025980529138676753,0.05124858290746389
S24_2013_11563099,9.05797101453978e-05,9.05797101454133e-05,9.057971014541109e-05,0.1686253334910509,0.08524423461366283,9.05797101454095e-05,9.057971014543337e-05,9.057971014540184e-05,9.057971014540636e-05,9.057971014545382e-05,9.057971014539255e-05,9.057971014540955e-05,9.057971014538347e-05,0.34974858786434626,9.057971014545701e-05,0.0060967421908781514,9.057971014539834e-05,0.35441329105082514,9.057971014542123e-05,9.057971014548436e-05,0.033697897745746684,9.057971014545572e-05,9.057971014539345e-05,9.057971014541887e-05,9.057971014540436e-05,9.057971014537514e-05,9.057971014543588e-05,9.057971014540796e-05,9.057971014546153e-05,9.0579710145414e-05
S24_2013_11546506,0.0001322751322760444,0.15586238009398382,0.00013227513227599523,0.00013227513227598645,0.00013227513227599024,0.0001322751322759842,0.12469286409081189,0.00013227513227597417,0.0001322751322759606,0.028227533298564016,0.00013227513227597994,0.00013227513227605426,0.000132275132275973,0.4873024181948418,0.00013227513227597772,0.0001322751322759729,0.00013227513227592058,0.0001322751322760376,0.00013227513227603182,0.000132275132276093,0.00013227513227598216,0.0001322751322759105,0.00013227513227594226,0.00013227513227599786,0.0001322751322761947,0.08279092123310942,0.00013227513227601108,0.11794927991406493,0.00013227513227596801,0.0001322751322760553
S24_2013_11913335,7.002801120516217e-05,7.002801120505824e-05,7.002801120509942e-05,7.00280112050848e-05,7.002801120505911e-05,0.03139051395653511,7.00280112050755e-05,7.002801120510922e-05,7.002801120505338e-05,0.07496042487726004,7.002801120509718e-05,7.002801120504046e-05,7.002801120514075e-05,7.002801120509474e-05,7.00280112050948e-05,7.002801120504221e-05,7.002801120507151e-05,0.21042470639688168,7.002801120507101e-05,7.002801120503582e-05,7.002801120507734e-05,7.002801120512621e-05,0.1490919603191549,7.00280112050756e-05,7.002801120505212e-05,7.002801120506185e-05,7.002801120507192e-05,7.002801120511611e-05,7.002801120506381e-05,0.5323816941700413
S24_2013_11439371,0.00011695906432823966,0.00011695906432827506,0.00011695906432828592,0.00011695906432829698,0.00011695906432824434,0.00011695906432829626,0.4384947867543958,0.00011695906432832046,0.00011695906432827699,0.0461143981828093,0.00011695906432828706,0.4523821944800679,0.00011695906432826905,0.00011695906432835546,0.059967684910191055,0.00011695906432829934,0.0001169590643283492,0.00011695906432836292,0.00011695906432827757,0.00011695906432825205,0.00011695906432824151,0.00011695906432828378,0.00011695906432832307,0.00011695906432838239,0.00011695906432831058,0.0001169590643282906,0.00011695906432835512,0.00011695906432828222,0.0001169590643283568,0.00011695906432834048
S24_2013_11510177,0.0581783838867962,0.14304846451394906,0.00011947431302374556,0.00011947431302383576,0.00011947431302378162,0.006532640665978159,0.00011947431302375525,0.00011947431302372573,0.00011947431302373603,0.0001194743130238495,0.00011947431302376537,0.00011947431302376219,0.00011947431302381954,0.643048730805558,0.00011947431302373049,0.00011947431302384453,0.00011947431302373699,0.010081521698158413,0.00011947431302385762,0.00011947431302389214,0.00011947431302371411,0.00011947431302374789,0.00011947431302374413,0.00011947431302377368,0.00011947431302379464,0.0677307281173403,0.006072866359845886,0.06267822906585076,0.00011947431302379283,0.00011947431302377373
S24_2013_11825951,7.788161993803012e-05,7.788161993811795e-05,0.17835036816759056,7.78816199380447e-05,7.788161993806858e-05,7.788161993807876e-05,7.788161993804547e-05,7.78816199380566e-05,7.788161993807491e-05,0.6790841015137028,7.788161993807246e-05,7.78816199380467e-05,7.788161993800854e-05,7.788161993805216e-05,7.788161993800238e-05,7.788161993800997e-05,7.788161993805165e-05,7.788161993802834e-05,7.788161993805069e-05,7.78816199380308e-05,7.788161993801756e-05,7.788161993804515e-05,0.14046272658037948,7.788161993810613e-05,7.788161993803699e-05,7.788161993801566e-05,7.788161993806586e-05,7.78816199380288e-05,7.788161993806434e-05,7.788161993801642e-05
S24_2013_11202845,6.930006930038258e-05,6.930006930036397e-05,0.1348010797320425,0.0038004325295653172,6.930006930036267e-05,6.930006930036765e-05,6.930006930037034e-05,6.930006930038609e-05,6.930006930036783e-05,6.930006930039689e-05,0.8595273858668178,6.930006930035913e-05,6.930006930037676e-05,6.93000693003951e-05,6.93000693003829e-05,6.930006976460016e-05,6.93000693003924e-05,6.930006930038176e-05,6.930006930039533e-05,6.930006930036555e-05,6.93000693004493e-05,6.930006930036126e-05,6.930006930039643e-05,6.930006930036314e-05,6.930006930036153e-05,6.93000693003407e-05,6.930006930038187e-05,6.930006930037017e-05,6.930006930037221e-05,6.930006930041994e-05
S24_2013_11780806,0.00011494252873609596,0.7701023808035222,0.00011494252873613194,0.00011494252873613022,0.02304956229058901,0.00011494252873609909,0.00011494252873612969,0.00011494252873614663,0.0001149425287361278,0.00011494252873611569,0.00011494252873619542,0.0001149425287361,0.00011494252873611901,0.20374460863001378,0.0001149425287361191,0.00011494252873609603,0.00011494252873617905,0.00011494252873615054,0.00011494252873611596,0.00011494252873607394,0.00011494252873607083,0.00011494252873603577,0.00011494252873613433,0.00011494252873612054,0.00011494252873605528,0.00011494252873612292,0.00011494252873611107,0.00011494252873611756,0.00011494252873617864,0.00011494252873609475
S24_2013_11787114,0.0001371742112491117,0.10243137254703881,0.00013717421124918785,0.00013717421124924005,0.00013717421124919286,0.5455191630184372,0.31713475147052606,0.0001371742112491049,0.00013717421124928618,0.0001371742112491489,0.00013717421124920194,0.00013717421124912258,0.00013717421124911347,0.00013717421124924309,0.00013717421124916497,0.00013717421124913057,0.00013717421124916944,0.0001371742112491999,0.00013717421124924113,0.00013717421124913475,0.00013717421124917177,0.00013717421124907924,0.0001371742112491447,0.0001371742112491737,0.00013717421124912634,0.031348183471519436,0.00013717421124933313,0.00013717421124922208,0.0001371742112491677,0.00013717421124912686
S24_2013_11154896,0.010832438033556326,4.810004810035929e-05,4.810004810034534e-05,4.8100048100349506e-05,4.8100048100334164e-05,4.810004810035219e-05,0.7027700084109858,4.810004810036835e-05,4.8100048100339043e-05,4.810004810035927e-05,4.810004810035989e-05,4.8100048100333954e-05,4.810004810034988e-05,4.810004810036554e-05,0.06899580198872036,4.810004810035291e-05,0.01214683934075864,4.8100048100355205e-05,4.8100048100350434e-05,4.810004810033661e-05,4.8100048100333893e-05,4.810004810032735e-05,4.810004810035163e-05,4.810004810036147e-05,4.8100048100341164e-05,0.09510377761252517,4.810004810034051e-05,0.07154089052902733,0.008069931519403403,0.02948211150681512
S24_2013_11415029,0.00011037527593878017,0.00011037527593884312,0.00011037527593879236,0.04946430505734763,0.00011037527593882395,0.22373232383170846,0.00011037527593884168,0.00011037527593877872,0.00011037527593875804,0.00011037527593879814,0.6708023625656885,0.00011037527593886633,0.00011037527593881241,0.00011037527593884652,0.00011037527593880178,0.00011037527593883158,0.0001103752759388256,0.00011037527593884552,0.00011037527593884847,0.00011037527593880449,0.00011037527593887929,0.00011037527593871445,0.00011037527593877357,0.05313125137084672,0.00011037527593876159,0.00011037527593874898,0.00011037527593882249,0.00011037527593880703,0.00011037527593881052,0.00011037527593877534
S24_2013_11395792,8.81834215171881e-05,8.818342151720045e-05,8.818342151725169e-05,8.818342151718125e-05,8.818342151715272e-05,8.818342151718912e-05,8.818342151720015e-05,0.03299770630140441,8.818342151718767e-05,8.818342151721151e-05,8.818342151726995e-05,8.81834215172492e-05,8.818342151716929e-05,0.03143245309978849,8.81834215172215e-05,8.818342151716402e-05,8.818342151718396e-05,8.818342151722479e-05,8.818342151725324e-05,8.818342151719525e-05,8.81834215171358e-05,0.6016178240410031,8.818342151719518e-05,8.818342151717126e-05,8.818342151715165e-05,8.818342151716013e-05,8.81834215171874e-05,8.818342151714941e-05,0.03558906697540915,0.29615836404446494
S24_2013_11873542,8.936550491573587e-05,8.936550491566212e-05,8.93655049156571e-05,8.936550491567285e-05,8.936550491564445e-05,0.09361618220600244,8.936550491566547e-05,8.936550491570602e-05,8.93655049156617e-05,8.936550491566444e-05,8.936550491566692e-05,8.936550491565358e-05,8.936550491563958e-05,0.08205055029040147,0.8219203988708734,8.936550491563962e-05,8.936550491568321e-05,8.936550491567078e-05,8.936550491565468e-05,8.936550491563892e-05,8.936550491564645e-05,8.93655049156125e-05,8.936550491564132e-05,8.936550491564187e-05,8.936550491568101e-05,8.936550491563423e-05,8.936550491565366e-05,8.936550491566986e-05,8.936550491574097e-05,8.936550491565159e-05
S24_2013_11608412,9.63391136808791e-05,9.633911368073669e-05,9.63391136807682e-05,9.633911368076893e-05,9.633911368073201e-05,9.633911368076707e-05,9.633911368076603e-05,0.06115923633570858,9.633911368078241e-05,9.633911368079675e-05,0.27056061578497975,9.633911368077385e-05,0.020552561668011112,9.633911368081055e-05,0.6452227692556005,9.633911368080369e-05,9.633911368073486e-05,9.633911368077673e-05,9.633911368077938e-05,9.633911368075204e-05,9.633911368073033e-05,9.633911368070077e-05,9.633911368077332e-05,9.633911368077101e-05,9.633911368073797e-05,9.633911368070328e-05,9.633911368079943e-05,9.633911368077543e-05,9.633911368078099e-05,9.633911368077167e-05
S24_2013_11662755,8.525149190159984e-05,8.525149190161025e-05,8.525149190161943e-05,8.525149190161684e-05,8.525149190160442e-05,8.525149190161779e-05,8.525149190168075e-05,0.3654648034654543,8.52514919016137e-05,8.525149190161257e-05,8.525149190163202e-05,8.525149190160879e-05,8.525149190160612e-05,8.52514919016065e-05,8.525149190158701e-05,8.525149190162409e-05,8.525149190163793e-05,8.525149190163936e-05,8.525149190162847e-05,8.525149190172827e-05,8.52514919016028e-05,8.525149190161752e-05,8.525149190159744e-05,0.03294620440147216,8.525149190159789e-05,0.28997203031577257,8.525149190163821e-05,8.525149190164842e-05,8.52514919015989e-05,0.309400423027859
S24_2013_11441983,0.3409278639219922,5.6306306306445126e-05,5.6306306306451705e-05,5.630630630645966e-05,5.63063063064472e-05,5.630630630645028e-05,5.630630630644593e-05,5.630630630645734e-05,5.630630630647476e-05,5.6306306306473044e-05,5.630630630645394e-05,5.630630630645605e-05,5.630630630646578e-05,5.630630630646735e-05,0.6574955595014267,5.630630630643745e-05,5.630630630644509e-05,5.63063063064461e-05,5.630630630647042e-05,5.6306306306443215e-05,5.6306306306432644e-05,5.630630630643311e-05,5.6306306306448175e-05,5.630630630648745e-05,5.630630630644731e-05,5.6306306306448534e-05,5.630630630644985e-05,5.630630630643533e-05,5.630630630645446e-05,5.630630630646867e-05
