,0,1,2,3,4,5,6,7,8,9,10,11,12,13,14
S24_2013_11735526,0.0002677382683365137,0.00026773810142648435,0.0002677378809256391,0.01096805560499897,0.00026773803426403974,0.00026773839896743185,0.05240211876598168,0.15105081277580984,0.07297162566631837,0.0002677383077084798,0.04812448522980336,0.00026773821111748504,0.00026773826819046875,0.02493401467161166,0.6374069818145396
S24_2013_10819863,0.00027434904737148907,0.0002743491880241487,0.0002743486439960392,0.017894393542556685,0.0002743492991639442,0.0002743491241105794,0.0002743491953477289,0.00027434913698421934,0.29667119983889634,0.00027434909519068147,0.0002743494621349037,0.02980213444420587,0.46322414465564166,0.00027434910320115824,0.18966463622317442
S24_2013_11445294,0.014448508295634693,0.00021097077231406385,0.00021097080181936055,0.00021097088471011652,0.02442446899312207,0.00021097095566690476,0.0002109708475995841,0.00021097080203816957,0.1855666519399782,0.058067428071369935,0.00021097084269014222,0.0002109707869534426,0.22836015044129915,0.00021097076936453225,0.4872340547954397
S24_2013_11532605,0.021123764435224398,0.00013333360452039616,0.0001333335134320624,0.00013333367896513741,0.00013333352903908258,0.00013333360632175197,0.0001333337133154158,0.2039011076139867,0.05851338163762124,0.00013333368014945511,0.7149950764049839,0.00013333355235942734,0.00013333366569628804,0.00013333365550937282,0.00013333370887530038
S24_2013_11584832,9.551120486152831e-05,0.008046468460696388,9.551111290780758e-05,0.019999782533027727,0.08651228440320365,9.551122354813378e-05,9.551118767128163e-05,9.551123330887603e-05,9.551122566069761e-05,9.551124326711319e-05,9.551127990894997e-05,9.551132580202895e-05,9.551128044608793e-05,0.6030844005332928,0.2814019517523969
S24_2013_11947106,0.00011299469959714887,0.00011299456759927499,0.00011299448279534649,0.00011299463181817303,0.0001129950706271583,0.0001129946729470375,0.019381419093513846,0.15540027161405534,0.09025740573720964,0.0001129945955646793,0.5350560737575529,0.0001129945697551406,0.058119725944433355,0.00011299456409590082,0.14076815199843506
S24_2013_11191735,0.01392641896210018,0.00023894936171008215,0.00023894897992079493,0.0002389492110535967,0.00023894983030925233,0.0002389492454136292,0.5215281360474983,0.00023894931919589917,0.00023894922044359157,0.00023894911788251415,0.0002389490757290279,0.00023894894287582636,0.27967494293617784,0.00023894921567192687,0.18224206053401779
S24_2013_11831038,0.00026881780513014883,0.21586002460812692,0.00026881757152262455,0.0002688177285831328,0.00026881749533079843,0.0002688177957284089,0.0002688176762061413,0.00026881779023924413,0.41902261111014755,0.00026881815504482375,0.0002688176521323476,0.0002688176704580156,0.36189155102993525,0.00026881804391992617,0.00026881786749461973
S24_2013_11256816,0.13630687864471724,0.00012077338631016733,0.00012077308465887406,0.00012077322377919854,0.00012077308408029721,0.00012077315746326728,0.00012077320187269387,0.00012077320392516052,0.09871209398367406,0.00012077325602057229,0.00012077325753364185,0.0001207731037729681,0.051204066016459,0.0001207732319177654,0.7124484561638151
S24_2013_11179684,0.2957123775524105,0.00016380055115816137,0.000163800275739823,0.00016380043911663931,0.00016380039121908696,0.00016380060732096763,0.0001638004616132689,0.00016380048824615487,0.00016380047298688097,0.03373431309177584,0.00016380040226118156,0.00016380030984473285,0.0001638004762084023,0.00016380046860377218,0.6685877040114947
S24_2013_11620754,0.00015649500348945044,0.07286890903892453,0.00015649479159813103,0.00015649500093510013,0.00015649471643334342,0.00015649492006479605,0.00015649491185975857,0.00015649492628333833,0.00015649491741895037,0.00015649509354745544,0.00015649489648740446,0.00015649482982424344,0.8424689273955386,0.08278422469457675,0.00015649486301805662
S24_2013_11947552,0.5111732806539754,0.0001159423343849477,0.00011594224838612483,0.0949517072876163,0.00011594217163718748,0.24151289660451092,0.00011594235420289687,0.1510867502344347,0.00011594229798963382,0.00011594229743430004,0.00011594230165875452,0.00011594221060622625,0.00011594238012532446,0.00011594231688132783,0.00011594230615559501
S24_2013_11812815,0.00010147164823960817,0.007077435291347847,0.00010147143540815169,0.010828605189912242,0.0013563005539081185,0.00010147156731320876,0.00010147152328895255,0.00010147159194845273,0.00010147151595245508,0.0001014715604088769,0.00010147152068974515,0.00010147150675940824,0.0001014716013718689,0.9796214718616778,0.00010147163177321456
S24_2013_11594670,0.16579590967519411,0.0002898558331506695,0.0002898553924101963,0.0002898556831152337,0.0002898553997626571,0.0002898557373331092,0.0002898560563862438,0.6417484238911764,0.00028985561697773805,0.0002898556916253933,0.00028985657467354607,0.0002898558212798171,0.0002898558325105758,0.18897739693351137,0.00028985586089294785
S24_2013_11742593,0.23847711808543107,0.00012300148457620988,0.24315027690010518,0.13464239817040505,0.00012300140207841255,0.00012300150859950927,0.00012300148607646125,0.007591124614448297,0.00012300144218633865,0.00012300152702962862,0.0001230014697133775,0.37490906742393976,0.00012300149219512778,0.00012300147865961178,0.0001230015145558725
S24_2013_11161117,0.04035629236089776,0.00010787510817908823,0.00010787495106980996,0.00010787505103342784,0.00010787509356730651,0.0001078751413210979,0.00010787504110023267,0.00010787509913674771,0.8732924370089891,0.00010787519586517959,0.0001078750751903674,0.0001078750932741725,0.01098738611573056,0.00010787505163872047,0.07417725861300616
S24_2013_11180865,0.023449843273033278,0.00014094461953577806,0.00014094449418690903,0.008261428966015802,0.00014094450807325705,0.031117709722317463,0.000140944775342838,0.3725868886912649,0.00014094469492688416,0.0001409446321027322,0.4712208085582084,0.00014094454961409637,0.0001409446351896582,0.00014094475310137886,0.09209481912708667
S24_2013_11832809,0.00024875666731209527,0.0002487568449652939,0.0002487566519791844,0.0002487569685238626,0.00024875664852111896,0.0002487567983355849,0.10167797481957545,0.00024875675071206824,0.090723882799463,0.0792107381772651,0.0002487565947027504,0.0002487565684431531,0.05524507359678345,0.00024875668375907544,0.6706547634296588
S24_2013_11860237,0.01483757287922608,0.00015467953071412406,0.00015467927668079485,0.026633968303550557,0.0001546792151544412,0.00015467943767590405,0.00015467938914909035,0.0001546794199130828,0.41002602361801505,0.08635617026771855,0.00015467954740668106,0.00015467957107945243,0.00015467950298022435,0.059105365709561035,0.40164878433117496
S24_2013_11802041,0.00025839879638514464,0.00025839868259456774,0.00025839886194936704,0.18025212006796149,0.00025839829931350146,0.0002583986502572304,0.0002583986806563419,0.14552014197934532,0.00025839884508892035,0.0002583984920954037,0.0002583987274768924,0.00025839821775230844,0.00025839859017318193,0.00025839853703839153,0.6711269545719121
S24_2013_1290513,0.08318785747233753,0.0002677381442244707,0.00026773790330287894,0.00026773833079661536,0.0002677380563653712,0.12780200589021776,0.0002677380349175202,0.0002677382554333367,0.4263994487390788,0.23777003819642786,0.000267738007689943,0.0002677384539697266,0.00026773834366993377,0.03145752215807488,0.0909734840134935
S24_2013_11478992,0.25346436601742595,0.00011716483820305421,0.00011716470839024542,0.0001171648641511007,0.00011716487915590612,0.0001171648746710278,0.0038586081363602216,0.023094606789647237,0.37656366996008617,0.014020047627735874,0.004223801656188676,0.00011716477080967614,0.00011716491940971364,0.00011716483216267048,0.32383758112560235
S24_2013_11957122,0.00027894079429137435,0.0002789405226139217,0.0002789402098093941,0.0002789406185118564,0.023352353246176634,0.02191604795039417,0.00027894051562663984,0.0002789406404744271,0.0002789406429758956,0.00027894088623588484,0.00027894042295582567,0.0002789404144848368,0.00027894062654352527,0.0002789405442581909,0.9513843119646475
S24_2013_11680305,0.0002677381959138092,0.00026773802407814855,0.0002677380285419466,0.00026773807084990895,0.00026773790583970694,0.0002677383033048889,0.00026773839481171333,0.0002677381644695964,0.46656879016423003,0.00026773861581844605,0.00026773794269843075,0.0002677379166875326,0.5299506137950406,0.0002677380937853774,0.0002677383839299492
S24_2013_11460698,0.00028735691293856443,0.0002873570284711055,0.00028735659106783547,0.0002873569544731539,0.0002873565760112552,0.0002873568532485724,0.00028735697555763603,0.0002873570754785919,0.0002873569536391449,0.0002873569522452925,0.0671569847168098,0.00028735658157977116,0.000287357037925266,0.0002873568087601661,0.9291073759817938
S24_2013_11619166,0.0002083338365625214,0.00020833363357051048,0.00020833346827007444,0.00020833365969734742,0.00020833349487728357,0.00020833366760548944,0.00020833361967054532,0.0002083335998273602,0.34409074834859393,0.19924766835895932,0.0002083336264447645,0.00020833351062386478,0.00020833371597181637,0.0002083336286305639,0.45416157983069455
S24_2013_11828498,0.00017050333197877448,0.03419796353313596,0.00017050378292910446,0.06325173902126806,0.0001705038557891066,0.00017050332529136526,0.0976802358296099,0.24352656227534128,0.00017050356543968427,0.00017050340672534144,0.00017050334214344537,0.0001705034069720348,0.00017050334866992376,0.00017050335685898232,0.559638464617847
S24_2013_11646732,0.00024509865323960945,0.0002450986772671456,0.005206192780901956,0.0002450984735889312,0.000245098574882913,0.00024509867333971663,0.00024509870711210315,0.01662013069923469,0.10346738318684838,0.22087364431931922,0.00024509859205523157,0.00024509850195346573,0.4503999335529358,0.20122682787133828,0.0002450987359826285
S24_2013_11912726,0.00016542626376149172,0.00016542624201664716,0.0001654260745709634,0.00016542626131340438,0.00016542615089246382,0.00016542622557082736,0.00016542616769751176,0.9792575262677983,0.00016542624884612232,0.00016542631365394452,0.00016542627747507282,0.018591932511041256,0.00016542622763245185,0.00016542644892068807,0.0001654263188086561
S24_2013_11666987,0.00021164090636956106,0.23007137103596484,0.00021164050039929855,0.19379141795817076,0.00021164048885995084,0.00021164076804473878,0.0002116406626445562,0.00021164063224867754,0.026384263909721324,0.00021164086778029163,0.0002116406503652973,0.00021164056010494235,0.18604910770884658,0.3615874325664697,0.0002116407840095744
S24_2013_11590697,0.00023724857563187603,0.00023724832449611486,0.00023724813206252787,0.00023724875205443488,0.00023724822913164973,0.0002372489337709895,0.03587251288021868,0.18741064438819835,0.0064091007544924625,0.00023724834485747866,0.75022464476994,0.00023724868638010858,0.0002372484424206285,0.01771061230772479,0.00023724847861999484
S24_2013_11183838,0.00014184453143881935,0.3413601742570923,0.00014184416126796282,0.16536241271079558,0.00014184414828117422,0.00014184421757996215,0.06256898724647975,0.0001418443691229931,0.0303538846199765,0.0001418443163915398,0.0001418443083707569,0.0001418442107073621,0.2399014793246445,0.128037080435078,0.031281227142772906
S24_2013_11213182,0.0001972390612405493,0.052403023204301284,0.0001972388455281224,0.02476718934708623,0.00019723896557455632,0.0001972391671198299,0.00019723906456807226,0.00019723945549559555,0.0001972392130419182,0.8537362004890096,0.05525104248081346,0.00019723895546938137,0.00019723913847668768,0.0001972391239374204,0.011870153488337368
S24_2013_11842651,0.0002506274191389929,0.0002506273785925407,0.0002506267952845499,0.000250627203063958,0.00025062680807152457,0.00025062721302169985,0.0002506270611364223,0.00025062733437383885,0.000250627039420938,0.00025062716649889227,0.0002506269987108136,0.0002506268214664321,0.0002506272179330082,0.00025062706473189916,0.9964912204785544
S24_2013_8789495,0.0002976195555567619,0.0002976197678940749,0.0337996177672789,0.0002976197923242168,0.00029761931346341776,0.0002976197222195832,0.06535824423190015,0.36109658538030237,0.022167375162796626,0.0002976196276726993,0.31700301761123056,0.00029762034129187824,0.00029761976983607883,0.00029761969178918106,0.1978965822644435
S24_2013_11488901,0.2661036844875054,0.00013661249186943894,0.0001366121415722176,0.00013661230418573377,0.00013661215209760948,0.00013661235133445986,0.000136612285321836,0.00013661232585527593,0.0001366123865922494,0.7321203557618273,0.000136612227408386,0.00013661220400886583,0.00013661229365948398,0.00013661227153955632,0.00013661231522218162
S24_2013_11528434,0.0001481485245071931,0.10208419854144891,0.0001481483452115818,0.0001481485656206483,0.0001481482972354914,0.00014814846216365104,0.00014814847057477434,0.00014814850861088173,0.7289027813222646,0.00014814865743483652,0.0001481484594458402,0.00014814862593538584,0.019001194873927176,0.14684393505527485,0.0016864052903441374
S24_2013_11778856,0.00021715578805368821,0.000217155731392807,0.00021715545074415683,0.00021715562778184703,0.0002171555674121028,0.00021715598405805376,0.0002171555833916271,0.0002171557570768766,0.3827239386789995,0.00021715577996675353,0.0849361299674206,0.0002171554822981724,0.3291330428319621,0.00021715569262208774,0.20081817607681976
S24_2013_11887877,0.0002594038628413906,0.5576077713766615,0.00025940360245618727,0.0002594039707248468,0.0002594037519562877,0.00025940454659758905,0.03732567688905875,0.0002594040858380436,0.00025940397081649735,0.00025940406303817535,0.0002594038884092956,0.0002594036220600005,0.23658674317176465,0.09567274106855038,0.07021302812922642
S24_2013_11902465,0.0002469141737578042,0.19591636519526182,0.0002469138375319019,0.00024691432305495414,0.5307193101221821,0.0002469140430480225,0.0002469143689844125,0.0002469143637907559,0.00024691416477716965,0.27040135490260336,0.0002469143263601319,0.0002469139237983929,0.00024691401780588414,0.0002469140639709873,0.0002469141730723273
S24_2013_11882591,0.00030581109331969444,0.0003058110596833704,0.000305810775639291,0.00030581084188427486,0.000305810684894365,0.0003058107924079661,0.0003058109464048559,0.00030581099844737095,0.00030581110077044035,0.0003058110553534481,0.0003058111960644764,0.0003058106412160407,0.00030581126600534396,0.00030581104751023383,0.9957186465003988
S24_2013_11929305,0.09465277465778008,0.00015873063037178588,0.00015873034978459101,0.00015873047659596424,0.0001587303287042286,0.00015873066787077672,0.0001587306087768405,0.0001587305682879744,0.42418848464119824,0.00015873065130176853,0.13403976369749104,0.00015873043472715967,0.00015873056983449263,0.00015873049723345698,0.3453729412200417
S24_2013_11226423,0.00012554968776275937,0.00012554959776067798,0.00012554942692695757,0.0282157491446545,0.9597151490296957,0.00012554946238554668,0.00012554963932825562,0.00012554955133499933,0.00012554949169442798,0.00012554948915401542,0.00012554951431782707,0.00012554942362693643,0.00012554949182020633,0.00012554957766338195,0.0105625074718737
S24_2013_11563099,0.08491228698610989,0.00018115997143434737,0.036595426927984495,0.0001811597319586818,0.00018115968115074853,0.02388987025009596,0.06672756974364204,0.37144072079311036,0.026799253194932225,0.00018115983474356368,0.00018115976529277096,0.00018115985841466765,0.00018115990784776936,0.00018115983517431113,0.38818559351810816
S24_2013_11546506,0.0002645509730104744,0.0002645506746026515,0.078515683154314,0.00026455070789998733,0.00026455054467351344,0.0002645508811180736,0.0002645506961914448,0.0002645507071309724,0.6180478370609893,0.00026455105817122784,0.000264550815380022,0.00026455050081350477,0.0002645508501003384,0.00026455071950227125,0.3002618706561022
S24_2013_11913335,0.00014005632555121863,0.00014005633404174492,0.00014005639288973236,0.23319234042645198,0.00014005622537969877,0.00014005639495048367,0.2303205640304728,0.0001400564331657166,0.06844333317257384,0.0001400565651565191,0.00014005639598442884,0.00014005711861509907,0.00014005633560466995,0.46650314134799686,0.00014005650116517859
S24_2013_11439371,0.06332838105712134,0.00023391877974800372,0.0002339187200108146,0.00023391867941604245,0.0002339185284883542,0.6956745120230615,0.00023391899169683157,0.061328562989625225,0.00023391887689006347,0.05462201082884063,0.12270734528487244,0.00023391871935556034,0.00023391895554591757,0.00023391882991832268,0.0002339187354090886
S24_2013_11510177,0.022355134571249633,0.0002389490934029845,0.00023894906188025552,0.00023894947204329667,0.15404022393705777,0.08998006033955262,0.01001240874427499,0.031311179891471835,0.0002389492827459864,0.0002389492456862126,0.00023894910945415276,0.00023894900503885526,0.00023894920312563596,0.0002389489569156258,0.6901504500861001
S24_2013_11825951,0.00015576363343313817,0.5335839121158845,0.00015576337044786954,0.0001557635528476644,0.00015576338150647691,0.21369400657648088,0.00015576368500936762,0.0001557635846163707,0.00015576358833361005,0.00015576358566942925,0.00015576359725857667,0.0001557636561676599,0.00015576359431382394,0.2508529183793942,0.0001557636986365865
S24_2013_11202845,0.00013860043022061037,0.024335100405211488,0.00013860036770730098,0.05523351726731881,0.00013860026311131245,0.0001386003284216703,0.00013860056388994413,0.0001386005792062672,0.0001386004813380857,0.0001386003819755074,0.0001386004343753833,0.00013860043368893417,0.918768177106062,0.00013860052157108359,0.00013860043590168482
S24_2013_11780806,0.2986637267667626,0.00022988550272534482,0.00022988568889736256,0.0002298856679729953,0.017440602658079576,0.13128169415875565,0.00022988554975398727,0.00022988563088655015,0.00022988569804756876,0.00022988575247670205,0.00022988564586303234,0.00022988547076011943,0.11900412817215811,0.0002298854985145726,0.43131099213834595
S24_2013_11787114,0.08481888022628552,0.0002743490665355039,0.00027434942953438366,0.0002743489287350713,0.006392581316861257,0.02257983356738868,0.0002743489171188264,0.04132176959839617,0.00027434938835301165,0.7718627760964419,0.00027434900009018747,0.00027434871925415254,0.07055501761827299,0.00027434897569995784,0.0002743491510323844
S24_2013_11154896,0.028287862920588925,9.620034781655959e-05,9.620028555051392e-05,0.05166157268462159,9.620026296384613e-05,9.620031666207682e-05,9.620036076611791e-05,0.09934282680137217,9.620033189371057e-05,0.72058706290728,0.019984255972542712,9.620028164127577e-05,0.047991099844098044,9.620032933176074e-05,0.03137571635287072
S24_2013_11415029,0.00022075106226716713,0.0002207513109405325,0.00022075074329278602,0.00022075097234434436,0.00022075093414127177,0.00996560589095598,0.00022075113865326575,0.00022075128384070158,0.13894387619430573,0.3042669991157534,0.0002207510804689674,0.00022075075188739233,0.5443952570995936,0.00022075127305927524,0.00022075114849560144
S24_2013_11395792,0.00017636728585337428,0.00017636735031511042,0.47370049789634616,0.061049051038620655,0.0001763671064154358,0.00017636721188527566,0.00017636732967529214,0.261129552057399,0.00017636719553911688,0.00017636719301855988,0.00017636722707241377,0.06009267908640428,0.00017636740366129645,0.05542690373401129,0.08701401088378266
S24_2013_11873542,0.04319497052010476,0.0001787314006737687,0.003462575505851318,0.000178731365019943,0.00017873117531973473,0.00017873143696065124,0.00017873153761156495,0.1366050472697979,0.00017873135668265637,0.00017873134570487765,0.7577633950400682,0.00017873125308927383,0.00017873135092507321,0.00017873158905012195,0.057186697853140005
S24_2013_11608412,0.00019267864243113032,0.00019267870046639065,0.0001926784333819038,0.00019267864356878377,0.00019267839072148807,0.00019267881833871206,0.0001926787214101686,0.19638124918319988,0.04411678854138403,0.00019267862865514636,0.5476135564289359,0.01424332757768506,0.16191664015264456,0.0001926787298906993,0.033994330407286055
S24_2013_11662755,0.00017050325913955787,0.00017050343792362113,0.012539780887355337,0.31532431898972996,0.2276944294723005,0.02079684606180185,0.00017050341459869548,0.00017050336478625355,0.38433270548486065,0.00017050348967422572,0.00017050322694573314,0.00017050355969765564,0.037777388798212685,0.00017050331190139725,0.00017050324107187927
S24_2013_11441983,0.00011261284224459447,0.00011261282455124485,0.00011261275281472898,0.00011261282344045483,0.00011261279389620138,0.0001126128098722406,0.00011261283161489779,0.20314319765707217,0.0001126128680310042,0.00011261283404964409,0.7953928357569594,0.00011261273769342845,0.00011261282110933052,0.00011261280906378018,0.0001126128375870026
S24_2013_11866265,0.00016625133761693914,0.00016625127860633664,0.00016625149772546833,0.00016625136469197323,0.0001662513711768829,0.0001662515275551108,0.03503112184528477,0.18519090922728312,0.04855171437275709,0.00016625139021941677,0.00016625133663469976,0.00016625146480600065,0.05597297550258106,0.00016625134140084357,0.6735907651416603
S24_2013_11571767,0.00015151571222039308,0.00015151546494675703,0.00015151532216682402,0.00015151544586992195,0.00015151541391088404,0.00015151550882639832,0.00015151545803964543,0.5658277482002069,0.0001515155019306636,0.0001515154488006127,0.19646451705296258,0.00015151530078530702,0.00015151554703291112,0.0001515154323184092,0.23588954918998195
S24_2013_4069509,0.024304704659144895,0.00022988543455604524,0.00022988531568102422,0.0002298855481426947,0.00022988545409222979,0.00022988553600564377,0.00022988561117935535,0.0002298855965526156,0.00022988591328362365,0.9727067829282717,0.0002298856842364824,0.00022988525107028838,0.00022988576297630636,0.00022988565598739154,0.00022988564881980405
S24_2013_11360755,0.00019157127152993477,0.1896597968888575,0.10566721239182274,0.00019157135797912548,0.00019157104613729448,0.11616886632408095,0.0001915713709879462,0.00019157132244422293,0.00019157129684562872,0.00019157137566659172,0.0001915712720575752,0.26035739610932657,0.000191571418164058,0.3262310152982512,0.0001915712558486554
S24_2013_11286801,0.00022831109368424312,0.00022831090656886077,0.00022831078467330028,0.03911582891940911,0.03447003686732169,0.27627097816326524,0.040833586764929826,0.039818386605780916,0.00022831117281139763,0.00022831104963262763,0.00022831083743335355,0.0002283107794015015,0.0002283111451953293,0.0002283114652632157,0.5674363834446294
S24_2013_11290007,0.026714299415195958,0.44149867777794344,0.00011318640820469112,0.00011318638343920104,0.00011318635987115905,0.00011318651420859626,0.00011318645973255098,0.06690914903755191,0.06450249424058833,0.00011318646108567306,0.00011318659359718383,0.00011318635603320895,0.39924351491898163,0.00011318646487303272,0.00011318660869338993
S24_2013_11656335,0.0001070092915997376,0.00010700922736772123,0.00010700943881022113,0.00010700925966831256,0.00010700925043528024,0.00010700929487751193,0.30106803849805414,0.11592579546116205,0.00010700931620452517,0.581722054155291,0.00010700923935914636,0.00010700965310628034,0.00010700935135075527,0.0001070092395542601,0.00010700932315923576
S24_2013_11402957,0.00010303984988772315,0.10433575311505022,0.00010303978511411845,0.45375716059421234,0.00010303976002302242,0.4348816898664132,0.0001030399605834188,0.00010303989866320558,0.0001030398889485408,0.00010303984876904191,0.00010303987317028782,0.00010303979320003304,0.00010303989233523033,0.005891957980082051,0.00010303989354761432
S24_2013_11326255,0.1429197738043047,0.4094533277621876,0.00022522548106106995,0.00022522588788066795,0.00022522571309748025,0.0002252257938226913,0.00022522589037753425,0.06350507202584302,0.00022522587647477474,0.12986638113182672,0.00022522575604399823,0.00022522543034991118,0.25200318783215553,0.00022522575652933043,0.00022522585804481336
S24_2013_11015127,0.00029239845233228163,0.000292398320046357,0.0002923979540361382,0.00029239818271431956,0.0002923979740841511,0.000292398326730689,0.00029239811455291753,0.0002923983106125753,0.1254506067473357,0.0002923982320080315,0.00029239817951082404,0.00029239799596963024,0.00029239851163593243,0.0002923981834289904,0.8707482165150014
S24_2013_11575808,0.006257165323057648,0.00018264878642318145,0.016328698416630334,0.0001826487284201525,0.0001826486962580203,0.03446606144501892,0.00018264885542056366,0.00018264880502629673,0.38533221606298174,0.00018264890838334323,0.0001826489042310473,0.0001826487867466969,0.0001826488523581284,0.0001826487244513111,0.5557893707045926
S24_2013_11737324,0.057613198464687286,0.00019900538965118576,0.00019900512861442104,0.00019900526666899682,0.00019900525963881672,0.0001990055047504616,0.00019900536129939783,0.000199005618231665,0.00019900562813135345,0.7794730331579419,0.00019900524669521936,0.00019900538264824649,0.00019900542188488435,0.000199005356645626,0.16052570381251052
S24_2013_11297631,0.262252978500571,0.023454020918793766,0.00015467923660039776,0.00015467932845692026,0.0001546792876536894,0.00015467937097826808,0.00015467951691403413,0.00015467944128091593,0.00015467947633474236,0.00015467940986253116,0.03826581003680363,0.000154679265493325,0.00015467950267430332,0.00015467938781825314,0.6743257173197642
S24_2013_11884807,0.00010131739713655845,0.04362039001356197,0.00010131726669766461,0.00010131739898626032,0.0076762623643342395,0.49393173178625005,0.2865177516444863,0.06486345599406576,0.00010131742128799205,0.09302108782611182,0.0001013173997036338,0.00010131727267817486,0.00010131742295204567,0.0001013173743035673,0.009558781417444163
S24_2013_11295877,0.00020387407809145758,0.16870700675717068,0.00020387378306364925,0.0002038740120621122,0.3744753581390126,0.0002038742039822152,0.00020387420907787239,0.026962702515405227,0.00020387426697355103,0.35302178394059963,0.00020387395352276222,0.00020387383929321533,0.00020387407181826856,0.00020387402358050267,0.07479440820634635
S24_2013_11783821,9.847383546630111e-05,0.06340237142217858,9.847385953337715e-05,0.023213170089804596,9.847379046091454e-05,0.01714882917071515,0.2233349379603461,0.047227809205197056,0.29982071899428814,9.847388825806911e-05,9.847385263991395e-05,9.847389919204331e-05,9.847391423332208e-05,0.3250643721950162,9.847392267022373e-05
S24_2013_8277275,0.0002989539628261083,0.0002989540327480458,0.00029895406521642247,0.00029895421019937937,0.01608084646407646,0.3405876366375804,0.639744066127909,0.0002989545593414902,0.0002989543750171987,0.0002989539848960495,0.0002989547207379755,0.0002989539982880033,0.0002989539990803437,0.0002989543452539771,0.0002989545168291049
S24_2013_11595043,0.03015862786797616,0.00017361145025624763,0.00017361127176182434,0.00017361176376234184,0.00017361138176720525,0.00017361145531401222,0.00017361136178050874,0.0001736116529992067,0.00017361167156881692,0.00017361157268975838,0.00017361158008220788,0.00017361127547173305,0.6380776331183488,0.00017361137794658953,0.32968040119827463
S24_2013_11951692,0.00017452046517695756,0.00017452060423013612,0.25580911680255664,0.33044694258246676,0.0001745202821413136,0.0001745205343118711,0.00017452056891839216,0.00017452056439719728,0.0001745205442815301,0.00017452044519581717,0.02067022776737816,0.08549773102940043,0.0001745204668999012,0.1462132567712423,0.15979204057140267
S24_2013_10547763,0.030616676221349948,0.6722390859527583,0.00011926083674059616,0.0001192608641523563,0.00011926094441291334,0.00011926081512702018,0.00011926091459366248,0.18418459346457908,0.05552617358459683,0.0001192609051507365,0.00011926088918117017,0.00011926090823319187,0.00011926088716700744,0.00011926086456825617,0.056240861947389024
S24_2013_11385582,0.00011799442874319368,0.04123775431886668,0.00011799421262323402,0.00011799432187380583,0.00011799421156255649,0.00011799432399754713,0.00011799453179973429,0.19020007600258182,0.00011799438507200335,0.007089306984732299,0.3027571375049319,0.00011799420499142016,0.00011799438859766649,0.0001179943254637605,0.4575357818541625
S24_2013_11563383,0.00016835049639034875,0.19613763359888164,0.07499189714842316,0.510042979276239,0.0001683505810996263,0.00016835067246769814,0.10811257146051423,0.00016835055445581893,0.0001683505999316734,0.00837417530569193,0.00016835051413222909,0.00016835047028980528,0.029827481938712135,0.0001683505690425882,0.07116645681372794
S24_2013_11406564,0.00012484399362908203,0.00012484396775181965,0.00012484397153758153,0.00012484402353875787,0.00012484396564820576,0.00012484397003710687,0.00012484395709583216,0.00012484397049701313,0.00012484413676102293,0.00012484402766207094,0.0001248439622778268,0.0001248439586226906,0.00012484398893261708,0.00012484396787421277,0.9982521841381342
S24_2013_11589052,0.27289263112105794,0.0002406744048930508,0.00024067414047480677,0.08190498300712869,0.00024067414843854915,0.17234354376440889,0.00024067437204258377,0.47021142439989394,0.000240674433251151,0.00024067444906720055,0.00024067445324438196,0.00024067416527679615,0.00024067436807751147,0.00024067434608358076,0.00024067442666095743
S24_2013_11395528,0.00015325703669363783,0.35581305034144456,0.00015325689025767343,0.03514669606539946,0.000153256902669669,0.0001532570880421266,0.0440962241710442,0.0001532571377128807,0.06400682730743941,0.05378720301412156,0.016465320003088528,0.00015325692322570636,0.3485014645127502,0.06713347027828782,0.014130202327822508
S24_2013_11601126,0.0002339187195454404,0.0002339189020058733,0.00023391837308682132,0.05699574102581365,0.00023391867162312965,0.14332024640664584,0.00023391885017039595,0.051574493621126774,0.00023391870813434067,0.029190146023547105,0.00023391867967238712,0.00023391873253931572,0.17654190071612857,0.11119682647082776,0.4293092960991325
S24_2013_11645688,0.00016708484248440785,0.00016708480799630033,0.0001670853921578511,0.031061127669474272,0.004674265928647217,0.03835776245022484,0.0001670847127475377,0.00016708469512401113,0.008156037926661908,0.7933095897584043,0.00016708469122257523,0.00016708459040920648,0.12293745311001754,0.0001670846797984936,0.0001670847446294542
S24_2013_11867877,0.00019723915461208682,0.000197239078798071,0.00019723885567209947,0.00019723912556406545,0.0001972389049529171,0.0001972392911893607,0.00019723902107830844,0.0001972391526756268,0.0001972391046976121,0.00019723912160250244,0.00019723910872374644,0.00019723882982504545,0.00019723912638177694,0.00019723925668436296,0.9972386528675424
S24_2013_11212760,0.00020080368989829257,0.0002008037276830766,0.0002008034872091088,0.0002008037386158851,0.02804797234392163,0.00020080361899967004,0.00020080363293285196,0.00020080383068697352,0.0002008036947068833,0.8796988813844936,0.0002008035724416839,0.0002008034581645556,0.0002008037593853749,0.00020080376793820515,0.08984350229292222
S24_2013_11933058,0.000192678820973366,0.09682419584785251,0.00019267849935342623,0.00019267866834916583,0.00019267859188250067,0.36008090960048805,0.05178393132974834,0.021394368137629446,0.000192678689703661,0.0001926787802514864,0.0001926786398998442,0.0001926784894413449,0.19591300710267107,0.0001926786381060106,0.2722694801636498
S24_2013_5301555,0.032039404741339546,9.675883008016495e-05,9.675872607926282e-05,9.675881653983355e-05,0.03140728949572012,9.675883974835058e-05,9.675886974833597e-05,0.14996327865241296,9.675885436837074e-05,0.028805305015997765,0.4630269584250455,9.67588166202594e-05,0.19294050060881224,0.0067228512902585665,0.09441710001722879
S24_2013_11280371,0.059630469559260234,0.18891717636415947,0.0001346803260447995,0.24711830418452682,0.00013468034048981706,0.014858963956105814,0.00013468041935481523,0.0001346804634081002,0.0001346804787066988,0.00013468060905192356,0.011052276426060404,0.00013468031752994185,0.43397191297246474,0.028483526359770212,0.01502460722306622
S24_2013_11403993,0.6248633782571348,0.00016103088467512788,0.0001610307422761045,0.15873589655504614,0.009971515170997012,0.12453490804928266,0.08028399282180976,0.00016103092186848717,0.00016103105478341474,0.00016103106492902793,0.00016103093137931335,0.00016103077858936233,0.00016103095929634044,0.00016103084955954928,0.0001610309583728993
S24_2013_3660437,0.5723811601518043,0.00013253832090339866,0.00013253855534599082,0.00013253834026360605,0.00013253822395198353,0.03180625415512427,0.00013253862498982739,0.00013253842292870307,0.00013253849479425182,0.00013253841209008997,0.005709147035719499,0.00013253834651785184,0.017333078740574808,0.00013253838039383828,0.3714449757945978
S24_2013_11591880,0.011780858864597218,0.17346125924296057,0.027215979595581738,0.5611442626270456,0.00018315036817035513,0.05163003598950662,0.00018315069745438874,0.0001831506607122643,0.00018315063878253076,0.0001831506518468391,0.00018315061521513882,0.00018315052412303063,0.1731192481700388,0.000183150603357961,0.00018315075060693783
S24_2013_11238598,0.0002635051327384618,0.000263505337577412,0.00026350478840956687,0.0002635051353891459,0.0002635047738060631,0.00026350512825694606,0.0002635051297637223,0.15436481201072,0.0002635052118329658,0.000263505412308446,0.0002635051883542898,0.00026350483600229155,0.0002635051328748161,0.0002635053199631836,0.8422096214620026
S24_2013_10346803,0.00011594235416858414,0.02323241402779959,0.00011594223775046176,0.4560647236307681,0.00011594227363056525,0.00011594231304135153,0.047284340026648594,0.11353832977525133,0.00011594233925956763,0.00011594228471554614,0.028111179915347204,0.00011594216207929317,0.00011594227297987348,0.00011594227319301652,0.3307255321133669
S24_2013_11765316,0.00016220635873461612,0.00016220641168413033,0.0001622062956487377,0.00016220648840297382,0.01023223330117472,0.00016220639823262737,0.00016220627059294733,0.00016220632736953445,0.6259980561234714,0.03132153067643351,0.00016220629046250274,0.00016220653589452938,0.20945326060917885,0.12137285550252062,0.00016220641019841684
S24_2013_11877871,0.23780941728465416,0.08656923360306765,0.0001679263957775245,0.00016792665347795398,0.00016792636281346378,0.00016792654423710692,0.051699938599707125,0.3166344569261683,0.00016792648711725053,0.00016792641550181277,0.08179487919623316,0.00016792641977827902,0.03287693402657496,0.00016792666096407947,0.19127172842392728
S24_2013_11458191,0.00014619912204132948,0.00014619910910013972,0.17368286771303568,0.009689950776529968,0.00014619916114473578,0.24822055257941752,0.00014619906033310788,0.0001461991100292364,0.00014619920310078382,0.00014619925955786924,0.00014619914480102822,0.5667984382784417,0.00014619917213014446,0.00014619912862437945,0.00014619918171233972
S24_2013_11790176,0.00011820368754210488,0.15127985479643938,0.0001182034211085273,0.00011820353386447726,0.00011820345893902392,0.00011820356917640857,0.00011820356183651682,0.009779086443900277,0.03895850149261109,0.35174609713362537,0.00011820353044708508,0.00011820353809120037,0.44705442460230393,0.0001182036102261603,0.00011820361988829112
S24_2013_9950465,0.565504745365329,0.00019782437895329743,0.00019782413772861943,0.29131142344391314,0.0001978242638124612,0.00019782450591100637,0.00019782423120740032,0.0001978242992995485,0.00019782426504628148,0.00019782437821356394,0.0001978242711573065,0.00019782427210583646,0.00019782443639667605,0.00019782423247315735,0.14080993951845233
S24_2013_11668823,0.00016963559751081276,0.00016963568842899172,0.00016963564733364815,0.38765572515442054,0.0001696354988807692,0.07837917009591051,0.09269323911501127,0.00016963569755109733,0.00016963569375444298,0.0001696359780347108,0.0001696355711917669,0.00016963551807121886,0.03474375145605576,0.32386146579148206,0.08113992749636245
S24_2013_11175921,0.0001594899888610408,0.00015949004900246022,0.00015948978302920288,0.00015948987005822497,0.00015948985747279334,0.00015949001384964512,0.0001594899216134226,0.00015949004095942463,0.0001594900042080998,0.00015948997120900516,0.00015948998793615892,0.00015948981224981324,0.3791339221446924,0.0001594899572036995,0.6187927085976546
S24_2013_11505971,0.5376448569969936,0.0002380958559212566,0.00023809555191147314,0.000238095849624662,0.00023809561864403277,0.0002380956729267203,0.00023809582326729496,0.10540015715982545,0.21005624158523545,0.13067169295644074,0.013846093875915145,0.00023809564486950953,0.0002380959037279417,0.0002380957816811627,0.00023809572301557326
S24_2013_11775615,0.16975675184300637,0.00011396040992605426,0.00011396025444834786,0.135260073650066,0.00011396025316959644,0.00011396036033482906,0.00011396045849071982,0.0963348228634614,0.34687539439509196,0.00011396044532530365,0.003990155158770704,0.0001139602645149126,0.08006953763515129,0.00011396035712604773,0.1668015816511163
S24_2013_11188402,0.00021505436074383417,0.0714254476253976,0.0002150540147958813,0.028365926142431157,0.00021505413588769032,0.0002150542463998235,0.00021505420394899772,0.01062938826239502,0.2854516571758071,0.020955651195285658,0.0002150541944310613,0.00021505412979515472,0.25077042005375977,0.13455063900139388,0.19634549125752732
S24_2013_6913970,9.965143694252459e-05,9.965144077634337e-05,9.965128763434324e-05,0.30617860940707703,9.965138473662889e-05,0.07796749838821158,9.965137944593925e-05,0.06695633163544877,9.96514184706687e-05,9.965143445074498e-05,0.5478013950974947,9.965134395962009e-05,9.965144547297985e-05,9.965139766612084e-05,9.965150221217335e-05
S24_2013_11491756,0.2041213708238639,0.0001017814070504007,0.0001017816833489333,0.00010178141348358296,0.00010178131060418883,0.3206868699067871,0.00010178136938914398,0.05221316508729705,0.12309266324091697,0.00010178145554934592,0.00010178137445857204,0.0001017813819396306,0.1986354537196715,0.0001017815448952045,0.10033444428074433
S24_2013_11721294,0.00019102244355634633,0.00019102242734346856,0.5804474015626666,0.000191022446836841,0.0001910223295458817,0.0001910224655459669,0.00019102244684867203,0.21079117556223992,0.00019102241633729892,0.0001910224885601,0.00019102231781926315,0.017549614114952792,0.00019102258674420956,0.0814128707861693,0.10788871360483325
S24_2013_11205829,9.891230033510205e-05,9.891221649765737e-05,9.891205493700332e-05,9.891223002167524e-05,0.0023455327399671804,9.89121896860458e-05,0.14225440869935502,0.06790593358301167,9.891220768314444e-05,9.891222744438717e-05,9.891218720254354e-05,9.891215713122275e-05,9.891226331893597e-05,0.786406090689894,9.891225351437123e-05
S24_2013_11897211,0.21125448199643576,0.00019102236045863454,0.0001910221373645481,0.3207343271630731,0.00019102222814961755,0.0001910223774922641,0.00019102258928918782,0.112660641394422,0.2774969743101796,0.00019102229770829853,0.0001910226219331069,0.00019102238268901657,0.00019102257779396323,0.07331359718421476,0.0028207763787961334
S24_2013_11444480,0.00017271191797831254,0.00017271191696543222,0.00017271170717898866,0.00017271183371757627,0.00017271178550587278,0.00017271181934091272,0.00017271217808723698,0.00017271198362911016,0.00017271187820445036,0.026784163530126488,0.0051907114961268685,0.00017271174461995864,0.00017271184960526842,0.0001727118408831076,0.9659525825180304
S24_2013_11271689,0.6878887193249917,0.012731384475364886,0.00025062669234721195,0.0002506274752627979,0.05312696302359158,0.0002506271627677698,0.04792404729473614,0.00025062728672187976,0.0002506272933562605,0.0002506273503890949,0.0002506274733449292,0.0002506268626489689,0.00025062726185068237,0.00025062703815936495,0.19582261398446654
S24_2013_11463516,0.00029761992637132465,0.00029761977092940603,0.00029761929505346104,0.029258825067927853,0.00029761934266419953,0.0002976197117255983,0.00029761955170958654,0.41131174154352684,0.0002976198994322899,0.0002976195377013947,0.4291515585686715,0.00029761930246257256,0.00029761975614844025,0.0002976196946140258,0.1270040590310617
S24_2013_11773321,0.00023894918799456343,0.33589537449201307,0.00023894880717962726,0.00023894890413473984,0.00023894899559067804,0.0002389491689035702,0.0002389490348396908,0.00023894898454950941,0.00023894903520737775,0.00023894906192666753,0.0002389490078628124,0.000238948780709549,0.5962688450121765,0.0002389489713662846,0.06496839255554539
S24_2013_11889082,0.00019665721368224902,0.022795982513959055,0.0001966570252406167,0.0001966572153389819,0.0001966571128815736,0.00019665745346940822,0.07116660424430406,0.3617172371829019,0.3141900703022776,0.00019665726526448246,0.00019665744039511337,0.05666014550216551,0.00019665728068412483,0.08961332242258713,0.0822833798248484
